203 8
39 10 14 19 34 46 100 118 135 219 237 240 313 326 340 364 369 374 401 426 427 463 474 476 532 549 667 675 714 768 795 797 816 846 870 921 933 942 944 968 48 48 48 48 48 48 48 48 48 48 48 48 48 48 48 48 48 48 48 48 48 48 48 48 48 48 48 48 48 48 48 48 48 48 48 48 48 48 48
5 250 376 698 738 921 91 91 91 91 91
89 4 19 22 49 64 65 77 91 108 114 116 120 121 129 157 162 175 190 194 203 216 223 228 233 234 245 248 252 254 257 267 274 279 285 287 313 341 346 349 354 362 376 394 397 403 404 412 414 453 493 502 512 535 547 561 570 578 584 596 614 617 637 671 674 677 680 684 695 700 707 731 770 775 795 799 846 852 891 893 900 919 935 941 943 945 947 959 963 992 66 66 66 66 66 66 66 66 66 66 66 66 66 66 66 66 66 66 66 66 66 66 66 66 66 66 66 66 66 66 66 66 66 66 66 66 66 66 66 66 66 66 66 66 66 66 66 66 66 66 66 66 66 66 66 66 66 66 66 66 66 66 66 66 66 66 66 66 66 66 66 66 66 66 66 66 66 66 66 66 66 66 66 66 66 66 66 66 66
97 25 43 83 87 104 105 110 124 137 147 154 158 167 169 176 181 187 190 210 219 221 239 240 264 274 276 301 314 333 340 347 362 383 389 392 394 412 428 432 438 456 467 493 515 518 521 522 536 540 544 551 564 575 576 580 591 599 618 622 652 691 708 719 738 747 763 767 777 791 802 807 811 816 817 819 836 839 857 863 868 874 885 895 897 903 905 908 909 919 922 926 943 949 950 951 982 991 193 193 193 193 193 193 193 193 193 193 193 193 193 193 193 193 193 193 193 193 193 193 193 193 193 193 193 193 193 193 193 193 193 193 193 193 193 193 193 193 193 193 193 193 193 193 193 193 193 193 193 193 193 193 193 193 193 193 193 193 193 193 193 193 193 193 193 193 193 193 193 193 193 193 193 193 193 193 193 193 193 193 193 193 193 193 193 193 193 193 193 193 193 193 193 193 193
53 9 43 84 94 97 98 114 129 130 136 144 153 172 189 205 281 319 355 367 376 378 406 433 435 475 484 502 508 517 549 587 601 609 644 646 654 699 708 748 749 757 758 767 772 788 806 812 830 855 866 888 922 931 31 31 31 31 31 31 31 31 31 31 31 31 31 31 31 31 31 31 31 31 31 31 31 31 31 31 31 31 31 31 31 31 31 31 31 31 31 31 31 31 31 31 31 31 31 31 31 31 31 31 31 31 31
70 6 13 30 31 36 41 54 91 98 99 112 142 156 158 197 211 216 249 292 297 305 316 320 336 342 357 366 384 398 404 419 424 483 489 509 531 551 591 600 622 639 647 664 665 682 696 697 711 719 727 728 729 750 790 791 812 832 871 872 882 900 915 936 941 971 975 976 978 990 991 166 166 166 166 166 166 166 166 166 166 166 166 166 166 166 166 166 166 166 166 166 166 166 166 166 166 166 166 166 166 166 166 166 166 166 166 166 166 166 166 166 166 166 166 166 166 166 166 166 166 166 166 166 166 166 166 166 166 166 166 166 166 166 166 166 166 166 166 166 166
29 47 139 206 242 243 256 264 265 348 379 461 495 558 563 578 600 619 655 686 687 708 715 717 815 846 856 901 938 973 92 92 92 92 92 92 92 92 92 92 92 92 92 92 92 92 92 92 92 92 92 92 92 92 92 92 92 92 92
73 5 9 12 21 31 35 36 44 64 76 78 96 106 111 132 161 165 179 194 201 204 207 229 233 235 265 274 288 289 299 302 303 312 313 322 374 382 385 409 416 444 445 492 556 566 662 666 669 673 675 679 681 682 725 779 783 794 801 806 810 831 858 864 868 894 901 903 918 940 945 982 995 999 102 102 102 102 102 102 102 102 102 102 102 102 102 102 102 102 102 102 102 102 102 102 102 102 102 102 102 102 102 102 102 102 102 102 102 102 102 102 102 102 102 102 102 102 102 102 102 102 102 102 102 102 102 102 102 102 102 102 102 102 102 102 102 102 102 102 102 102 102 102 102 102 102
48 10 27 47 64 82 109 123 133 175 189 198 324 329 334 339 351 376 396 437 491 494 503 513 540 605 608 616 624 645 656 660 672 683 712 734 773 787 791 793 806 831 834 859 890 897 933 959 993 148 148 148 148 148 148 148 148 148 148 148 148 148 148 148 148 148 148 148 148 148 148 148 148 148 148 148 148 148 148 148 148 148 148 148 148 148 148 148 148 148 148 148 148 148 148 148 148
