250 52
80 17 21 26 57 83 84 92 100 101 105 106 111 131 134 149 160 163 186 199 201 213 237 270 315 317 318 326 360 383 388 400 402 406 407 408 428 432 453 473 483 500 515 519 524 548 551 588 597 608 624 659 687 696 724 729 740 741 760 774 793 800 808 822 823 832 846 849 867 868 879 885 905 912 921 927 929 940 946 971 982 158 137 82 71 8 2 113 186 66 223 3 1 234 183 32 202 218 182 135 248 170 74 117 19 195 73 242 237 19 151 129 248 38 71 181 186 155 31 63 178 137 199 149 85 172 176 125 154 102 128 76 59 138 65 176 242 78 155 231 226 186 205 189 121 31 144 109 156 161 25 74 68 236 214 56 212 9 116 42 155
62 10 70 71 85 86 90 137 139 143 153 156 175 190 234 236 242 252 276 294 308 312 322 348 421 434 477 524 529 537 546 551 567 577 585 595 601 611 661 679 682 690 700 739 744 745 765 782 803 805 812 840 855 872 911 950 962 965 973 976 981 992 994 178 170 88 186 196 8 220 97 235 64 203 30 248 231 118 141 203 207 14 224 205 236 99 21 238 209 214 93 103 77 154 112 65 206 181 18 198 241 249 0 123 16 99 247 134 72 85 109 172 14 131 235 151 168 54 17 215 58 116 41 38 32
85 5 13 24 33 42 46 48 53 59 62 63 107 126 138 139 140 152 163 166 171 189 196 198 200 239 275 278 280 285 299 300 301 331 347 355 369 383 397 398 426 429 435 440 441 459 467 494 498 514 566 568 572 600 602 618 638 646 650 682 693 696 699 727 735 746 761 817 821 824 826 833 856 874 880 886 890 901 903 914 923 938 943 951 957 993 211 113 103 165 185 247 19 39 18 10 2 118 158 0 188 65 250 119 38 150 61 234 231 190 40 92 216 72 50 29 118 24 230 41 88 113 239 166 55 44 8 184 179 50 245 81 103 163 158 237 61 168 89 114 220 50 183 99 124 194 141 34 7 36 215 18 85 30 15 22 239 243 9 67 103 194 31 172 85 240 194 181 169 106 21
21 53 94 138 176 323 324 383 385 392 439 492 547 644 711 734 751 789 809 909 963 981 95 108 214 217 130 247 89 195 202 95 31 104 101 33 21 242 145 125 109 214 194
54 5 9 31 47 54 66 93 106 110 130 151 158 165 186 226 242 247 251 284 304 310 316 321 370 380 394 414 420 431 439 528 583 615 626 640 676 679 707 736 805 815 819 823 885 889 891 900 901 911 912 917 961 982 989 42 84 57 161 29 14 144 171 205 206 54 0 2 33 69 72 94 101 59 109 166 124 12 13 99 20 220 64 143 109 82 44 214 171 113 87 187 116 16 120 44 144 131 195 184 212 59 212 123 151 66 185 81 151
65 4 7 14 28 42 43 46 49 67 99 100 109 147 151 153 176 184 203 210 214 273 297 319 361 368 395 400 414 436 459 468 500 528 557 562 567 591 592 628 636 637 646 653 674 692 745 767 800 801 804 818 831 853 855 874 887 890 891 906 925 934 956 985 991 992 177 121 14 211 74 153 131 82 104 81 53 93 70 40 40 140 21 171 108 47 68 25 101 101 205 104 118 80 42 131 118 236 160 209 165 3 111 163 208 101 65 198 184 88 14 228 170 7 202 223 94 131 217 10 105 95 8 48 118 84 235 44 237 88 203
40 33 42 43 56 82 87 101 119 143 171 173 250 312 337 343 344 357 362 389 397 407 440 490 503 506 508 546 569 582 636 640 694 712 723 739 782 856 896 993 994 161 176 232 134 249 192 35 64 12 29 175 238 247 206 249 241 122 177 76 94 248 67 132 38 51 0 111 53 145 118 55 35 200 49 71 15 17 100 171 163
68 6 21 23 42 48 49 64 106 143 198 226 236 244 273 278 285 295 296 306 368 371 425 432 449 471 492 503 509 518 540 556 566 567 576 580 620 621 625 631 649 655 661 664 683 737 747 778 802 810 838 849 857 862 864 868 878 882 885 888 894 896 902 908 912 913 921 962 988 59 112 216 101 51 159 147 125 246 160 21 83 38 111 166 169 178 7 26 45 56 62 213 108 156 142 227 195 150 37 202 25 4 203 153 165 191 175 140 33 45 226 68 124 186 47 170 191 26 229 219 196 26 110 156 228 8 142 0 126 65 52 105 134 106 175 224 11
18 11 42 62 131 274 304 427 433 490 492 505 575 701 761 845 877 958 995 56 100 153 100 46 56 201 120 236 218 158 79 205 235 187 126 160 192
48 23 37 71 118 146 153 186 189 229 234 266 293 294 310 316 318 342 356 430 460 465 503 507 575 576 601 620 621 627 632 634 678 726 752 767 773 782 864 889 899 934 936 952 965 979 981 995 999 245 60 198 53 126 16 119 68 183 94 139 66 38 176 209 173 146 60 74 47 140 11 208 12 48 2 215 82 218 166 0 25 0 42 184 40 44 215 248 215 61 32 155 12 228 60 190 123
22 25 161 208 243 270 303 359 363 374 492 523 550 579 614 669 683 840 879 953 984 993 999 116 143 141 0 234 198 40 34 175 94 107 86 248 209 56 214 104 190 213 184 221 31
71 2 3 19 49 55 58 66 71 74 75 91 104 124 137 146 148 160 181 195 209 247 269 283 317 318 324 338 341 357 369 378 395 416 433 463 497 533 547 551 566 567 582 585 589 603 647 662 672 689 701 711 715 726 729 773 843 852 859 871 894 901 904 929 931 953 958 959 963 978 987 998 59 186 39 120 43 75 107 179 46 248 59 176 226 4 143 101 123 56 203 212 218 223 32 94 13 122 176 189 107 42 83 201 54 201 94 195 58 227 170 124 69 76 179 155 174 205 114 153 224 205 26 39 208 122 11 48 244 105 50 178 71 218 242 236 86 223 2 73 81 43 147
79 2 32 64 79 116 120 123 125 128 130 133 141 148 149 154 155 156 159 160 176 181 188 192 230 236 237 265 274 278 300 358 365 383 421 433 459 472 473 486 495 500 504 535 537 548 555 564 566 578 585 589 603 619 624 650 671 672 676 686 702 708 711 734 757 771 779 784 811 835 843 860 863 874 898 900 917 919 924 977 114 102 249 88 160 87 69 197 136 184 131 182 56 59 45 138 134 189 243 3 3 250 21 231 227 72 208 53 249 193 125 148 48 114 221 170 179 136 135 125 175 159 227 9 88 49 221 126 248 181 116 120 59 152 71 76 22 191 31 110 238 200 238 206 233 1 179 44 95 227 94 124 88 154 131 119 175 79 132
78 8 11 14 17 31 38 41 44 51 62 71 73 92 112 130 148 151 165 177 185 208 239 269 274 298 319 333 334 344 346 348 384 391 434 464 481 485 487 496 515 531 533 541 547 557 559 570 573 577 578 598 609 610 643 678 690 713 731 740 744 756 769 796 823 842 844 846 855 860 869 883 922 938 947 953 965 985 986 176 110 74 103 230 161 112 212 143 80 231 191 7 173 168 89 74 118 217 178 39 49 89 227 221 226 132 235 141 91 217 104 31 60 91 74 197 80 102 24 239 191 92 125 122 171 17 164 195 23 5 224 74 11 134 54 249 16 215 160 93 164 117 234 221 152 153 94 70 97 56 194 146 106 46 219 218 189
57 8 24 31 39 53 98 118 122 127 133 158 164 187 194 208 212 220 231 273 279 296 303 308 319 341 355 366 369 375 378 405 431 436 440 443 492 504 519 559 586 588 674 677 683 699 703 730 732 741 746 752 810 827 862 936 983 996 245 189 235 125 162 199 148 5 96 71 130 111 196 141 240 157 62 37 232 148 235 230 135 96 16 128 170 36 140 190 131 36 163 150 120 160 240 244 49 82 160 141 109 196 183 190 182 147 189 64 168 96 20 154 81 125 149
100 6 19 28 32 36 49 54 55 71 73 88 89 107 111 130 139 150 151 152 156 159 172 194 195 199 204 205 222 224 236 255 260 279 303 329 334 338 354 356 358 360 365 367 369 379 383 390 411 440 443 446 448 467 483 484 514 522 528 548 563 569 578 586 601 628 659 661 662 677 681 699 705 715 738 740 743 767 774 777 783 789 805 833 838 859 862 873 878 891 898 933 937 939 951 952 957 969 975 976 989 177 223 164 172 31 231 192 77 188 207 14 216 231 41 13 237 51 40 45 75 195 100 44 173 184 80 27 32 13 102 46 167 212 3 84 239 205 136 13 92 168 245 97 240 112 45 90 124 57 171 198 79 42 93 117 87 198 173 242 95 75 111 184 40 43 44 117 35 30 179 193 139 69 151 114 67 234 229 181 52 235 205 26 161 82 63 190 138 21 114 192 52 49 27 118 145 3 30 173 106
29 22 128 223 269 272 293 303 357 384 385 439 451 459 509 514 527 531 556 693 711 712 716 742 842 843 856 885 925 948 221 241 232 65 55 220 227 111 227 133 14 180 125 135 58 231 240 103 14 38 4 157 23 212 194 137 225 200 172
60 6 20 22 27 31 32 50 60 82 141 226 255 287 300 301 307 371 380 392 395 403 416 418 419 420 422 443 450 457 478 510 537 545 555 562 581 591 624 667 690 711 725 730 743 767 783 800 863 868 884 889 924 925 926 928 938 941 959 971 982 65 53 153 147 37 113 1 213 197 200 19 103 145 134 35 191 23 164 195 198 36 8 81 140 107 239 2 105 16 195 244 144 42 54 49 159 232 125 1 129 9 46 58 171 113 13 90 172 197 231 123 91 136 106 103 1 36 186 229 98
73 25 35 53 69 94 95 155 171 182 197 198 237 248 255 258 274 289 299 300 326 335 342 344 379 381 386 388 413 451 453 461 492 503 506 514 521 532 541 544 565 575 597 598 602 613 619 627 640 648 651 656 663 665 681 690 693 728 729 737 744 749 774 779 803 830 836 837 841 846 884 921 935 962 160 114 174 116 89 172 147 184 80 138 191 237 163 49 126 85 97 234 152 55 13 164 108 109 141 48 204 70 242 219 168 241 107 200 101 121 174 95 83 128 48 147 145 33 62 197 138 39 10 207 123 100 192 240 21 77 34 225 231 98 215 179 96 143 115 183 115 80 136 237 7 216 152
17 7 23 62 177 238 316 542 546 599 618 619 748 868 912 936 985 993 206 149 248 194 178 133 168 137 69 87 213 94 9 40 115 79 235
88 2 13 20 31 34 35 38 45 59 66 69 87 100 103 104 111 118 129 143 172 181 210 227 234 270 282 296 313 316 318 322 332 360 369 377 379 380 383 408 411 413 417 447 477 478 505 516 532 535 537 559 562 568 603 609 642 646 650 661 662 669 671 680 681 689 696 735 747 761 762 767 798 801 807 812 850 872 890 905 916 918 920 926 938 948 955 972 982 46 190 89 219 179 114 15 163 128 159 228 159 24 153 95 218 178 165 32 243 118 222 195 107 172 31 210 195 156 232 241 68 166 199 33 116 177 249 143 153 12 59 198 82 121 164 162 30 147 27 229 57 210 250 196 63 80 152 34 53 193 250 179 38 105 205 175 85 238 51 32 43 3 243 195 103 195 80 250 31 63 72 240 189 172 231 23 239
75 9 38 39 50 68 85 97 99 103 117 131 156 169 174 179 210 215 216 236 250 263 274 276 279 295 300 304 312 314 317 326 336 400 423 438 455 477 483 512 529 560 562 568 570 595 600 627 631 669 678 692 702 710 719 727 729 731 788 800 812 818 828 836 867 885 895 917 921 952 961 968 971 974 978 990 64 47 65 46 204 150 216 98 54 94 18 241 114 44 176 155 211 6 45 205 5 247 99 111 164 249 188 200 219 103 98 30 74 9 81 116 20 53 83 185 185 246 132 46 48 167 137 149 15 240 134 49 148 137 112 245 237 154 25 109 90 51 76 233 221 108 220 39 90 53 0 120 134 40 129
61 37 63 83 91 135 173 182 190 219 239 246 257 262 266 328 331 335 343 345 351 358 371 379 383 397 421 436 449 464 467 478 486 487 569 579 596 600 624 626 669 679 731 752 753 754 756 761 780 787 826 850 878 889 890 897 913 924 929 965 983 995 208 242 15 152 167 115 231 158 104 124 127 130 79 37 233 161 221 91 226 226 96 93 88 172 94 199 154 129 77 93 77 223 198 77 225 232 213 153 69 44 188 177 52 99 215 68 167 195 93 147 62 169 137 80 170 209 11 197 179 15 108
81 25 33 40 41 83 93 105 127 128 140 155 167 176 178 192 231 237 252 275 334 348 350 361 370 372 374 388 392 394 400 405 412 424 449 458 463 468 474 484 496 502 522 530 542 566 585 590 594 596 610 628 681 688 696 707 712 724 730 741 746 759 763 771 796 812 833 836 850 855 886 894 907 924 929 941 944 947 951 953 961 997 142 67 161 197 98 163 38 162 11 32 15 74 122 96 45 105 174 35 200 196 160 48 5 184 21 193 132 97 150 57 204 117 101 82 188 61 39 117 115 66 6 8 41 9 175 31 91 105 249 31 123 222 145 197 138 52 163 174 34 155 212 103 122 92 17 235 86 155 205 184 150 214 242 54 86 52 106 152 33 197 24
57 25 40 52 83 86 102 114 149 150 169 172 193 201 215 218 224 230 244 259 260 265 272 278 283 311 328 356 364 374 376 395 410 420 438 439 500 562 563 601 652 658 687 704 733 752 767 775 783 793 813 820 848 857 950 961 963 985 230 153 107 164 229 6 217 85 133 181 140 97 168 165 88 64 27 140 159 107 136 16 156 248 66 137 5 11 195 11 35 123 116 116 134 214 130 181 171 249 141 145 34 188 66 203 86 21 20 74 38 162 213 138 27 15 216
37 26 30 60 78 104 159 169 170 183 220 234 373 393 411 421 439 458 465 496 558 564 581 621 633 699 707 713 717 723 752 776 810 898 953 980 988 991 114 203 142 2 7 132 165 178 142 28 121 202 32 160 177 137 81 203 196 169 229 39 177 65 222 213 152 79 5 228 216 36 116 198 121 111 46
53 35 40 42 62 70 72 101 115 132 176 177 181 204 227 255 285 299 317 319 332 349 389 391 406 422 433 459 499 509 558 608 609 611 617 639 655 691 699 725 742 754 789 794 826 828 852 858 868 927 929 932 948 974 188 107 170 196 133 235 243 96 126 216 214 59 141 169 99 208 231 200 175 205 19 11 69 16 216 165 110 59 205 99 67 168 77 205 24 146 30 58 245 163 53 161 89 250 232 47 52 20 58 66 72 204 142
2 214 939 212 56
27 26 152 171 189 234 252 290 296 471 480 522 682 729 731 736 740 779 785 850 885 897 918 920 928 948 973 979 35 133 122 99 241 16 93 93 113 78 51 65 89 44 10 121 99 11 4 226 9 160 30 101 135 202 35
52 4 36 41 45 53 55 71 98 106 111 123 138 146 170 182 196 198 239 292 306 351 375 409 436 462 464 483 500 578 581 586 610 648 658 660 666 676 681 689 707 720 794 838 872 907 925 950 955 956 967 982 985 159 242 141 96 169 158 223 168 84 91 23 183 141 206 149 178 206 222 188 11 53 81 125 238 25 53 42 115 104 143 53 197 18 173 69 157 41 230 168 162 192 94 55 171 54 123 192 119 32 105 105 153
39 6 9 26 28 30 52 53 72 96 101 152 175 176 181 227 243 282 295 316 351 381 399 411 518 522 603 604 662 670 715 750 762 811 833 838 849 880 923 980 37 39 52 198 71 186 173 72 183 33 87 34 214 151 11 81 15 127 87 136 168 197 202 6 96 211 115 168 225 245 211 7 249 121 33 117 22 70 182
25 115 181 217 248 251 254 348 360 384 401 537 606 647 649 658 677 678 761 794 796 812 866 891 944 998 100 156 55 26 105 52 5 33 135 225 80 196 172 234 195 156 86 0 38 130 89 48 110 55 139
85 1 22 24 32 39 63 68 99 107 108 119 132 135 156 162 167 178 213 220 222 271 272 284 296 299 308 312 315 316 322 332 334 335 370 389 396 441 447 451 456 469 474 486 501 508 510 513 527 553 563 571 594 608 626 628 630 642 650 676 677 690 695 714 721 730 750 754 756 766 770 779 812 833 862 865 866 882 885 921 928 944 949 951 952 959 181 48 100 163 107 213 159 61 4 235 63 66 128 191 78 7 247 6 35 194 74 77 194 197 134 250 3 191 89 151 89 18 35 205 59 65 159 116 192 98 177 29 206 238 122 154 127 43 76 19 182 87 6 236 26 154 183 238 152 229 145 33 54 42 207 174 92 16 202 173 177 137 228 160 209 240 142 185 12 204 93 199 246 126 246
24 65 72 111 298 304 307 345 347 372 379 393 492 501 539 639 640 713 809 829 863 887 906 923 945 69 114 163 151 221 170 134 29 192 29 98 245 193 89 157 217 228 3 92 175 79 218 94 58
4 360 491 544 723 207 39 8 144
4 136 309 363 476 245 141 93 26
2 512 827 72 55
91 5 19 29 36 45 60 64 68 77 81 92 98 99 105 106 107 117 125 127 143 155 160 161 173 179 195 203 257 259 275 297 305 308 312 314 320 335 341 394 396 402 405 408 416 421 422 429 431 439 458 461 466 469 478 483 496 531 533 559 584 597 620 630 642 645 654 657 672 674 713 715 781 789 794 795 815 823 849 852 860 867 869 872 890 892 904 938 960 961 978 985 50 211 191 56 41 65 109 64 77 18 209 147 17 195 208 176 52 16 107 46 134 72 49 65 49 13 48 169 210 58 66 204 169 170 212 60 144 209 47 225 156 119 95 227 186 234 3 164 163 221 90 85 250 221 113 33 176 147 187 161 45 136 223 249 170 65 111 154 195 50 86 216 178 30 155 71 113 103 55 137 61 125 207 108 121 172 5 233 213 48 94
34 33 37 38 43 45 73 76 147 162 190 204 220 256 284 288 289 379 395 438 487 522 544 545 560 565 578 628 659 724 754 820 883 884 897 51 1 206 136 138 158 135 25 221 242 105 199 200 148 107 162 136 26 74 219 66 94 58 178 93 124 174 147 124 214 130 31 133 139
90 16 19 26 27 62 68 84 91 99 103 105 119 132 136 137 143 151 155 157 160 163 171 180 181 194 210 225 229 243 256 278 309 322 331 347 363 371 378 383 390 399 413 418 422 443 455 479 487 491 512 521 522 527 555 593 594 595 652 655 656 703 709 725 734 740 757 775 790 791 793 794 811 821 822 824 826 827 853 865 925 942 946 952 968 969 978 979 980 983 993 221 205 225 235 117 43 128 120 237 44 178 201 138 192 208 23 246 11 235 245 151 217 225 100 56 65 174 232 111 114 190 218 94 202 107 9 49 84 11 158 36 59 22 23 239 12 0 100 114 228 120 74 182 171 31 250 144 137 114 165 176 250 36 86 237 128 38 214 167 192 206 166 173 165 193 12 220 135 23 67 180 50 79 221 117 29 134 234 171 164
16 19 23 58 76 196 220 251 284 403 408 423 471 774 856 878 957 239 123 69 3 140 117 44 204 120 19 209 69 114 80 41 181
90 4 19 27 32 37 39 41 74 115 118 122 132 147 161 163 171 174 216 217 225 231 241 254 260 277 330 337 344 348 351 377 384 396 397 401 420 427 437 460 467 470 484 487 502 534 542 627 645 658 698 709 710 721 724 729 743 752 753 759 771 772 777 784 802 803 806 818 828 836 837 852 854 858 860 861 865 877 886 893 905 906 915 920 931 940 945 965 972 991 996 37 23 17 94 145 101 22 216 233 61 161 47 149 234 221 161 100 46 233 185 74 40 63 239 12 10 197 62 63 61 193 237 41 14 51 161 178 183 113 197 2 55 229 221 148 115 207 6 191 43 10 197 151 99 76 0 238 11 136 79 139 181 206 156 79 210 23 16 184 140 84 149 37 121 139 60 231 61 100 119 242 214 103 147 246 35 131 111 193 72
42 24 41 49 61 63 119 126 131 141 218 219 222 226 236 282 308 313 325 348 349 359 405 419 455 458 465 478 488 510 557 563 605 648 654 733 758 823 840 934 981 991 994 185 81 153 95 105 206 148 120 176 236 193 127 122 44 226 144 135 120 178 145 187 233 190 233 140 237 30 67 135 166 170 49 151 44 97 50 238 132 12 75 151 42
93 13 26 38 39 67 85 94 95 109 112 137 149 161 165 170 180 215 219 241 251 257 261 262 266 274 275 289 290 306 314 317 321 344 350 351 354 360 381 399 402 404 416 431 441 442 462 467 474 483 501 510 512 518 548 552 553 554 570 586 590 605 612 629 635 638 642 673 686 696 719 722 734 740 766 779 785 789 796 808 834 836 838 856 859 870 878 880 884 953 985 992 993 997 248 160 184 60 143 193 84 235 181 77 57 148 222 202 235 225 18 226 10 183 155 221 200 219 145 145 239 70 34 125 227 29 36 152 176 89 40 230 79 34 201 79 151 80 30 192 41 183 82 185 237 50 112 40 151 80 182 220 199 197 168 50 66 16 155 16 119 21 78 175 33 210 130 153 39 220 108 66 78 28 174 204 133 73 63 206 66 63 152 117 5 135 148
39 47 77 95 111 115 207 251 256 265 275 291 391 394 412 436 439 449 450 467 484 525 531 564 576 620 655 693 736 774 849 866 876 918 943 949 958 987 989 997 153 220 91 109 191 246 226 84 47 125 99 82 27 60 170 155 151 182 31 5 115 196 203 42 152 101 124 223 129 148 216 95 108 72 37 125 50 72 195
70 1 16 17 75 114 123 142 159 163 182 183 193 204 226 232 265 266 282 327 359 382 419 421 423 432 462 464 510 511 536 544 566 572 573 606 641 667 696 712 723 731 732 736 752 803 807 808 812 819 828 833 851 858 859 861 866 872 874 884 888 892 893 902 918 935 941 961 967 977 983 131 213 10 2 242 26 244 248 97 146 150 82 4 143 4 138 141 185 219 107 75 107 40 80 46 87 168 225 143 16 127 39 101 53 169 196 129 190 74 184 94 73 39 176 164 240 85 34 61 148 112 104 196 176 187 61 165 99 96 33 16 88 205 3 248 182 197 210 125 142
81 28 31 34 75 95 100 112 115 137 155 160 164 178 179 183 195 202 219 232 236 261 289 295 297 319 320 333 338 344 368 379 395 397 399 403 446 456 472 522 549 556 598 619 645 646 659 671 679 690 710 715 722 724 726 728 742 765 777 791 792 799 806 851 855 860 864 865 882 883 895 908 910 933 947 951 953 961 973 975 978 989 75 74 28 44 96 151 46 160 112 23 183 18 180 230 238 81 29 76 192 103 118 245 61 239 46 45 78 197 228 187 51 167 216 199 88 235 214 91 137 106 176 97 190 33 110 78 224 85 224 43 23 79 171 30 243 138 66 229 80 205 72 197 151 104 15 26 175 34 72 114 216 92 47 102 186 144 204 178 15 26 93
7 81 161 454 555 633 649 890 126 109 95 34 214 87 172
47 13 26 43 68 77 87 111 161 170 186 220 262 302 322 331 350 357 358 382 402 411 418 420 475 477 520 524 539 566 575 593 620 659 680 687 691 705 733 748 841 885 906 927 929 932 959 975 174 222 181 149 192 48 66 177 60 84 81 9 42 66 229 80 109 122 164 12 246 227 9 186 151 236 71 224 122 117 197 77 143 54 136 142 162 213 202 216 60 204 63 80 85 133 154
95 3 7 15 19 27 31 34 50 56 63 65 68 72 107 109 118 133 144 146 151 152 158 162 173 174 180 187 200 226 231 246 248 250 259 266 346 352 355 357 369 370 386 398 412 415 424 434 477 494 503 504 509 518 535 538 540 553 560 566 576 590 597 599 600 641 644 655 657 671 675 702 714 720 735 742 758 759 761 766 773 774 789 791 796 797 816 870 906 911 929 936 945 972 975 979 238 70 192 141 21 26 149 171 215 137 246 187 136 34 221 217 131 166 208 202 203 78 6 222 68 223 216 161 208 66 31 214 210 93 101 112 7 142 57 152 152 161 84 60 112 65 225 118 23 197 135 151 35 39 170 114 239 39 135 93 28 86 18 115 141 71 97 27 101 143 110 120 244 154 53 243 126 126 103 23 223 155 85 13 43 8 30 183 107 68 218 39 27 223 160
95 4 6 28 31 33 37 41 45 91 104 108 114 115 132 185 214 253 267 271 286 296 298 313 318 324 336 345 364 391 431 438 442 443 445 452 462 464 468 475 476 488 492 494 495 512 514 519 534 536 549 562 564 570 580 584 606 625 627 639 640 650 670 673 677 682 691 703 717 722 724 735 747 754 770 803 806 807 831 852 854 862 874 888 890 900 914 947 959 962 963 979 983 984 985 989 100 213 131 112 101 30 68 239 70 242 2 12 7 160 36 244 68 208 67 24 52 69 191 10 95 54 42 120 205 70 138 142 201 83 208 53 222 6 201 27 145 133 61 39 191 237 135 51 205 54 42 231 35 175 109 98 152 185 146 220 144 113 31 124 234 176 46 233 40 113 81 245 173 55 198 183 110 64 153 161 86 136 4 240 20 227 31 72 184 173 147 93 179 78 133
9 45 148 334 367 449 550 647 780 922 35 230 212 200 135 45 86 204 114
12 81 128 138 179 278 396 544 565 626 657 770 816 148 38 14 34 250 111 169 79 88 241 20 44
