50 52
48 50 103 118 144 226 270 304 313 320 334 358 379 387 399 401 421 422 431 439 453 476 479 481 497 499 543 552 582 602 627 681 693 700 710 713 819 829 837 861 912 914 920 935 955 967 976 985 999 34 8 41 48 35 29 14 7 25 39 13 31 38 48 43 36 13 26 44 38 2 43 43 18 1 29 13 23 33 30 39 7 18 44 49 35 21 22 28 30 38 25 17 23 21 21 21 0
97 6 32 39 41 47 80 87 88 99 113 119 137 155 165 166 188 191 207 223 238 239 255 273 296 311 344 352 371 373 379 391 394 400 432 434 450 453 461 471 478 484 520 526 531 541 542 546 551 553 554 555 561 562 567 574 585 600 602 604 611 617 618 621 631 654 665 667 673 682 694 701 706 714 722 724 728 730 737 769 776 778 807 808 818 821 828 832 843 848 856 920 921 944 950 966 980 996 19 37 7 20 10 25 5 1 15 21 47 19 26 43 28 7 23 50 35 35 29 23 27 45 6 0 24 16 6 38 26 4 4 42 13 42 5 14 1 25 12 20 26 0 35 44 6 22 47 40 17 9 2 16 25 8 25 29 15 1 14 23 47 50 8 3 42 45 28 26 36 1 1 8 38 3 15 30 1 29 21 22 29 29 26 10 45 38 49 4 23 38 23 18 0 39 26
74 10 41 43 48 82 104 121 129 131 139 171 173 198 285 344 369 370 410 412 424 443 466 469 475 478 488 505 515 543 548 572 577 578 592 612 623 626 637 659 666 674 675 680 682 701 708 713 716 735 736 753 773 790 809 812 839 850 853 865 872 875 878 899 909 911 923 925 938 942 945 971 974 982 995 50 10 27 8 3 29 28 49 35 26 36 38 38 50 10 24 9 1 24 6 6 31 14 14 4 22 23 30 45 34 48 45 7 41 42 43 33 19 8 25 26 26 8 7 23 50 22 29 48 15 26 29 15 19 21 49 23 6 19 38 50 12 13 15 21 30 3 41 37 0 48 5 37 45
26 40 44 86 90 146 200 248 254 324 464 567 574 598 682 755 780 811 859 892 904 942 943 971 973 986 995 2 2 27 14 49 19 26 0 8 39 38 15 27 8 8 30 5 35 3 17 3 6 36 6 37 35
53 28 44 48 98 104 117 118 165 206 210 223 232 234 256 275 279 327 341 383 409 414 433 441 443 447 462 469 529 539 555 561 563 564 589 613 615 633 723 727 728 744 747 771 775 809 822 877 897 906 950 971 977 979 14 38 6 26 18 43 36 5 32 33 29 1 44 28 4 12 48 42 21 46 42 22 17 17 41 47 8 44 44 9 11 31 23 12 41 10 24 49 13 45 33 24 48 17 7 8 5 32 43 23 38 12 7
87 4 18 19 35 71 90 91 97 106 110 150 167 174 184 211 220 245 251 253 265 271 286 360 362 372 388 392 425 438 440 444 450 452 454 466 470 472 480 486 499 510 528 548 563 567 581 593 638 640 645 650 661 665 680 687 691 705 710 734 738 751 752 753 764 769 784 800 803 811 814 821 822 823 843 881 883 886 893 902 910 924 931 944 964 965 992 999 34 23 13 31 47 41 41 19 45 6 34 28 32 31 27 14 16 43 8 20 34 11 19 47 28 5 11 15 27 48 48 5 2 20 15 21 47 42 41 38 10 11 30 31 36 17 41 7 43 37 34 16 32 11 29 10 30 18 3 35 32 22 28 48 39 44 8 41 31 32 46 39 2 10 47 47 16 27 1 26 48 18 7 18 35 2 46
50 20 31 33 88 131 144 161 185 189 226 239 253 277 293 320 400 422 433 442 447 492 496 501 508 513 596 626 634 643 644 656 675 692 699 700 714 719 732 744 771 779 800 812 815 824 842 847 892 898 958 4 45 42 33 29 9 28 39 19 44 17 16 29 4 15 28 3 2 40 2 39 39 12 13 10 0 2 2 14 0 46 41 38 0 8 45 49 31 41 36 44 16 36 11 22 15 16 47 36 34
66 1 9 18 35 36 45 49 57 107 109 114 129 132 151 157 189 217 224 228 244 253 262 299 336 363 377 383 390 391 392 416 440 442 496 517 536 546 553 570 573 648 665 668 682 689 691 693 695 698 785 808 831 832 844 846 865 870 876 883 892 907 943 976 978 998 999 22 11 27 43 15 25 13 40 11 25 30 3 26 31 42 11 20 10 14 10 21 3 45 48 1 11 10 30 20 17 7 33 26 11 45 1 3 36 16 25 31 49 6 32 43 30 9 27 15 46 44 45 41 49 11 5 4 2 50 0 46 9 30 13 15 50
11 55 70 106 201 239 467 497 536 749 772 848 43 31 12 14 21 10 35 41 36 31 6
20 50 59 181 204 305 351 378 447 451 502 515 570 647 650 722 724 823 827 948 994 49 21 21 17 17 1 19 7 2 18 13 19 32 7 35 22 43 36 47 21
13 102 173 200 208 272 461 474 494 509 550 583 856 943 38 21 30 8 41 22 7 42 15 13 3 12 29
56 16 42 46 55 60 66 69 72 81 85 108 139 184 193 209 215 255 276 288 298 318 320 363 364 380 382 403 416 417 469 484 514 518 525 600 620 629 633 643 681 755 785 807 812 837 842 873 876 887 897 898 900 912 958 980 999 18 43 48 3 39 35 5 22 15 49 26 47 29 24 33 20 13 11 7 10 19 10 25 50 22 18 17 17 36 29 21 31 23 0 17 15 29 40 25 25 42 19 27 16 23 38 11 0 23 6 19 37 20 41 33 11
80 6 13 15 23 52 73 88 95 121 136 140 144 174 179 181 252 254 260 263 302 324 335 375 384 391 397 398 415 438 460 467 470 487 488 502 510 514 554 563 578 586 591 592 601 615 620 625 637 643 644 647 655 664 674 677 691 694 716 720 735 768 769 785 805 807 820 855 859 883 886 898 902 907 919 923 954 957 958 967 989 10 37 4 17 46 18 47 5 31 1 50 26 22 28 4 13 47 43 32 28 36 30 19 10 28 50 12 37 40 6 46 29 25 49 1 24 48 13 39 29 33 39 3 17 22 26 26 34 11 31 35 12 17 15 34 10 10 45 31 24 30 21 16 1 32 16 36 44 9 37 12 9 4 2 40 23 35 33 44 24
38 4 5 35 51 80 94 131 146 154 194 202 218 237 239 274 280 329 332 366 369 491 492 504 582 620 656 730 736 772 787 807 823 846 948 950 977 997 999 49 36 49 13 46 22 9 29 31 7 12 32 42 14 6 42 8 32 39 19 13 49 26 28 16 48 19 13 15 4 25 20 8 7 46 36 11 29
47 61 65 81 88 98 104 131 135 193 221 230 232 239 254 272 277 289 332 347 398 449 455 469 494 516 581 589 619 653 666 684 706 712 717 720 727 767 782 804 809 825 838 842 898 903 917 951 35 15 25 18 47 25 25 5 32 2 22 5 13 25 8 39 5 18 24 50 39 12 5 14 41 48 19 8 13 24 34 41 24 44 49 30 20 24 31 33 42 31 41 33 26 47 43
31 24 25 93 108 109 112 113 121 173 193 253 337 345 351 352 374 390 436 468 513 587 642 670 691 721 754 803 905 966 979 986 8 34 2 39 40 22 7 3 16 15 49 11 0 10 1 25 2 38 17 38 1 36 32 23 18 37 47 29 5 0 13
21 9 92 140 224 278 336 368 377 460 461 473 504 579 660 671 710 741 765 791 865 875 26 37 20 50 38 35 13 46 28 49 24 4 11 3 25 9 21 37 0 36 36
71 14 27 41 70 79 80 92 116 142 170 174 182 197 198 227 232 234 247 248 260 272 278 299 304 352 358 367 382 410 421 436 447 455 456 458 467 470 477 478 480 505 518 542 545 570 572 573 586 643 649 702 705 727 760 773 782 788 800 822 837 872 876 900 901 910 923 924 936 984 996 999 35 41 35 40 14 9 35 23 39 17 31 4 9 15 20 13 48 50 3 38 15 44 49 46 24 14 30 32 4 17 14 8 6 24 2 41 41 50 41 27 12 31 8 14 2 39 39 27 12 19 3 30 40 0 17 15 38 24 40 36 48 19 41 23 4 23 21 30 50 34 46
2 20 195 22 49
5 138 195 477 520 655 40 20 31 21 39
41 14 28 80 97 100 120 133 140 150 163 168 277 300 316 318 344 383 421 423 538 542 543 545 562 573 625 656 662 736 751 757 782 804 845 863 880 886 954 955 978 993 14 16 4 42 49 50 12 39 42 30 48 12 15 19 47 43 28 38 23 21 1 4 46 22 36 7 15 42 46 22 5 48 49 2 29 48 47 29 35 33 34
59 16 24 40 45 64 74 87 99 162 224 243 271 276 286 325 335 341 361 395 473 476 483 496 505 509 528 533 545 567 568 582 585 592 609 612 614 616 636 646 660 675 741 742 745 773 783 791 811 816 828 834 849 869 882 888 912 921 942 989 25 46 49 41 7 32 37 7 25 9 39 7 46 5 9 9 22 30 13 39 44 11 39 23 46 21 36 7 35 28 1 46 28 24 34 9 19 21 28 9 17 35 16 12 21 22 5 37 3 32 44 36 47 31 6 38 6 40 9
74 8 41 42 48 52 58 62 71 78 107 111 118 122 144 149 172 197 204 213 222 234 236 250 263 289 298 333 356 360 384 386 397 426 432 434 442 462 497 504 507 521 537 555 562 594 599 600 602 626 628 641 661 693 694 696 701 725 728 763 767 769 776 798 820 826 844 862 867 879 880 926 944 952 977 38 19 3 46 3 36 35 5 32 36 27 2 40 44 14 37 46 13 25 31 34 45 14 16 49 10 19 24 3 36 0 45 38 12 5 20 28 46 44 32 36 11 3 22 22 12 1 37 33 7 2 23 15 25 49 22 30 5 24 23 15 14 32 19 23 17 31 14 38 36 33 38 21 31
41 47 83 126 141 174 179 182 220 233 254 268 282 296 320 400 413 416 439 452 530 558 584 596 629 660 727 797 807 818 826 838 864 866 877 879 894 908 910 949 965 976 21 4 2 12 24 11 20 20 37 8 35 40 37 5 49 2 21 14 27 44 23 43 50 26 16 49 0 4 5 32 28 31 23 0 38 39 39 38 7 4 32
35 1 7 75 142 143 165 185 192 218 225 329 340 418 438 472 484 487 499 504 523 529 546 552 557 570 604 609 628 703 713 769 803 836 842 875 3 31 13 15 28 9 50 36 34 34 3 23 36 2 23 13 3 7 6 29 44 18 15 40 2 49 15 41 30 19 50 6 35 2 40
58 4 8 16 52 68 73 90 102 115 118 123 170 171 218 224 250 274 278 292 325 355 361 369 389 393 402 407 411 433 459 463 474 499 500 506 534 539 577 617 630 693 716 726 735 755 765 788 839 842 875 930 932 934 949 960 968 979 987 48 6 14 47 18 38 29 47 15 27 28 4 28 9 27 14 9 14 46 45 12 20 7 1 47 38 4 30 37 8 43 41 23 26 44 13 39 25 34 21 19 44 38 31 17 43 44 18 23 32 44 28 48 50 32 36 21 26
18 16 25 63 108 255 273 315 424 427 471 499 535 632 800 970 981 998 999 36 41 11 34 2 44 30 36 25 5 39 2 16 21 3 46 4 7
3 84 496 832 36 21 37
91 5 20 21 25 31 43 60 71 72 75 77 79 83 102 105 138 146 150 151 174 183 186 193 199 204 233 235 238 250 261 263 266 273 281 287 290 310 311 315 332 343 345 360 366 467 473 474 478 491 501 508 534 544 578 592 605 609 612 613 628 640 641 649 664 703 737 747 750 751 759 763 769 772 796 800 835 839 843 850 879 899 916 930 943 953 954 958 969 970 979 980 2 10 25 48 41 24 40 8 38 10 26 17 10 9 41 46 23 35 9 49 46 19 33 15 48 48 35 37 36 50 28 49 32 13 3 28 23 2 42 13 45 48 20 8 23 14 28 26 6 43 40 48 4 44 25 11 3 29 6 39 21 47 36 43 29 18 41 19 40 2 3 18 25 37 32 20 8 16 33 23 31 24 29 47 33 25 39 27 48 31 24
93 42 75 79 99 100 106 157 158 173 177 183 185 191 220 226 229 231 249 256 265 271 272 283 295 296 345 347 356 364 370 373 382 386 394 408 410 413 428 443 450 475 480 488 492 494 517 525 531 556 559 565 591 594 649 652 655 667 685 688 698 700 716 731 732 736 785 786 792 798 799 801 809 810 839 852 856 865 866 871 875 876 885 887 894 903 912 914 928 956 965 971 992 994 26 47 29 29 42 49 19 41 12 33 0 31 34 14 18 13 47 19 41 31 19 49 21 32 23 9 31 7 2 15 27 11 26 3 46 10 24 39 12 5 23 44 1 25 26 11 20 25 13 10 44 31 49 48 30 21 0 9 34 24 18 2 20 38 5 50 44 46 36 26 3 5 18 34 18 42 38 33 42 49 17 22 11 11 28 39 44 44 23 42 14 16 9
8 98 128 260 465 680 704 779 910 39 37 5 9 34 50 37 13
93 22 43 46 55 65 70 81 95 98 108 110 122 150 178 201 209 210 216 220 228 243 247 264 269 289 291 297 314 316 317 320 323 344 354 366 368 376 391 392 395 407 417 419 424 432 436 439 469 484 489 513 514 541 543 575 637 638 642 644 649 662 665 670 673 677 683 718 737 758 769 780 800 803 810 818 824 847 853 861 867 874 879 895 906 907 911 915 928 934 947 958 960 973 9 17 48 39 11 22 46 38 27 48 40 47 32 20 8 35 34 7 12 48 40 38 40 1 46 18 46 48 31 49 40 45 2 37 31 19 19 36 23 40 26 2 42 28 32 18 7 13 36 50 14 28 28 30 44 46 25 15 46 26 14 22 9 6 34 18 34 40 13 15 12 21 29 48 18 11 0 11 6 44 40 25 16 7 39 18 25 41 20 29 29 7 14
73 15 18 22 61 66 76 99 105 109 116 151 154 158 168 192 233 236 240 267 279 281 290 307 310 312 313 316 317 425 432 436 441 448 475 482 488 493 510 521 547 565 590 595 614 615 634 636 651 655 656 674 728 739 755 760 767 769 777 787 791 816 838 861 862 873 877 896 902 953 961 983 988 994 37 3 25 43 18 22 13 5 11 37 0 25 34 47 11 26 26 5 37 28 42 23 26 22 50 13 37 39 44 16 49 12 48 31 34 11 45 36 1 22 47 39 46 7 50 20 46 44 42 0 7 33 39 26 39 35 49 12 10 20 3 24 12 12 38 42 9 14 12 31 47 30 29
97 19 26 30 36 51 57 58 60 75 76 84 118 125 127 145 147 175 177 204 205 216 222 228 252 258 263 268 271 273 283 294 318 324 331 335 339 346 358 361 369 374 399 419 428 438 442 465 478 491 499 501 503 509 512 519 530 541 542 549 563 583 591 596 603 615 633 646 656 667 668 683 684 696 697 714 739 761 765 767 770 772 838 843 844 867 895 899 900 913 916 954 966 970 971 975 976 986 28 47 50 30 16 49 26 31 15 47 42 50 21 43 0 14 29 45 49 19 41 43 45 32 26 13 23 14 31 47 17 5 0 10 27 41 37 42 48 3 21 12 17 32 3 28 46 32 38 25 48 42 11 4 36 36 16 24 12 38 42 22 11 29 21 41 24 38 31 45 43 18 36 3 27 27 45 13 1 16 37 6 17 31 36 48 38 42 41 46 43 49 45 11 25 22 33
19 2 98 174 226 231 275 316 319 376 378 412 473 523 524 620 730 777 889 929 5 35 3 7 49 19 25 2 12 11 47 9 7 23 27 10 14 16 40
33 71 94 95 101 169 179 204 206 208 225 281 311 334 405 408 411 428 456 477 607 641 644 674 678 709 729 737 742 760 766 803 938 984 18 44 9 40 24 18 40 19 30 29 50 5 48 47 8 42 25 15 44 1 20 36 1 27 34 12 41 23 20 17 47 31 21
65 24 31 34 62 70 80 87 99 137 166 179 192 194 196 226 265 281 303 307 329 337 341 342 358 363 374 386 404 418 432 433 440 446 453 475 504 516 520 527 572 594 617 692 704 736 738 742 794 811 842 872 874 885 904 912 915 926 931 940 952 957 961 964 969 981 17 2 16 22 18 33 35 8 38 31 9 28 12 41 29 5 31 46 20 38 19 17 0 25 41 25 21 16 12 28 50 30 28 4 3 16 20 49 48 19 4 24 38 47 24 20 44 14 7 18 40 37 23 40 35 49 15 6 42 50 25 11 11 21 23
77 3 17 44 51 60 76 89 91 98 116 122 139 149 169 179 180 183 184 191 231 245 246 265 274 291 297 326 332 335 337 359 432 433 464 470 473 486 505 508 509 515 528 569 574 583 612 628 645 646 669 670 685 701 702 716 756 763 770 803 813 823 838 844 846 852 870 876 883 894 900 924 925 946 951 954 961 965 44 18 36 35 37 4 8 30 3 7 0 26 23 33 31 20 39 30 36 29 36 32 44 41 47 46 7 20 17 13 3 9 20 39 29 20 2 13 27 47 20 10 2 19 30 49 45 34 39 10 31 50 4 27 6 14 1 22 30 23 10 50 45 17 17 22 9 33 29 34 45 16 19 14 23 17 38
57 15 41 83 85 91 102 107 141 142 156 172 173 175 202 206 255 300 306 317 333 347 398 425 447 456 457 462 517 554 565 570 577 591 623 638 655 658 663 738 742 759 791 834 837 848 851 858 868 873 898 902 920 951 952 953 968 986 44 26 4 20 26 23 8 45 19 10 0 30 27 9 39 36 44 5 11 17 13 8 35 17 28 39 2 40 41 50 48 26 45 25 21 16 50 27 3 16 43 27 49 10 21 10 10 13 47 1 14 14 42 0 17 8 0
6 250 479 819 939 953 975 37 3 2 25 17 32
5 76 200 544 619 833 41 5 24 14 36
70 9 12 24 29 33 34 35 63 66 81 82 88 95 97 100 131 141 142 143 154 176 194 201 203 224 226 240 305 313 323 349 353 354 375 377 396 408 411 440 442 495 502 524 529 563 570 576 602 612 619 628 676 678 680 716 755 762 829 842 844 867 880 889 896 907 948 956 957 977 985 11 18 3 11 13 23 26 28 16 40 12 41 33 21 21 32 10 11 40 39 25 8 43 4 44 2 35 32 21 24 33 36 24 38 24 21 29 11 48 48 6 2 1 10 46 48 2 19 26 37 11 18 50 15 8 0 40 3 49 11 9 2 25 31 50 21 7 48 2 41
14 46 117 203 293 421 496 537 546 694 752 834 912 913 941 24 2 26 25 15 0 37 0 39 46 28 11 30 40
88 18 24 25 35 54 55 60 64 88 89 97 103 114 145 153 175 179 180 196 200 208 215 216 220 237 242 244 245 249 251 256 270 294 304 331 332 335 361 367 379 380 384 406 412 418 427 458 477 487 533 548 558 584 585 592 604 614 623 626 631 670 690 691 708 713 715 723 728 733 755 765 777 781 785 786 798 804 836 882 894 900 907 933 943 951 953 968 976 25 1 2 34 50 16 26 32 13 38 44 16 15 7 28 2 14 23 6 3 21 22 41 45 27 20 16 35 45 21 45 15 27 37 4 36 32 27 41 49 24 12 18 10 15 19 31 17 44 17 24 2 10 23 31 45 32 46 35 15 6 41 26 45 36 45 33 28 5 32 12 41 29 50 38 47 24 25 44 49 32 3 19 12 35 40 26 11
34 33 43 94 186 252 289 369 370 457 509 510 523 527 531 639 653 672 701 710 717 750 772 774 777 791 796 804 841 866 933 943 945 949 975 44 16 1 0 12 2 14 9 32 33 17 37 2 33 11 2 45 39 50 12 30 50 14 43 3 50 34 39 13 35 47 16 36 46
10 134 229 378 398 568 579 712 891 900 973 33 34 33 45 31 50 22 6 32 28
58 7 10 12 23 24 59 88 95 108 120 124 125 141 173 177 182 184 223 236 283 288 293 325 332 363 389 395 409 446 459 471 485 519 528 540 548 554 563 622 665 685 703 724 743 760 806 840 844 854 878 884 891 906 921 923 936 965 972 8 9 33 16 26 39 20 19 45 35 0 42 6 40 38 14 12 43 35 32 50 43 49 37 22 16 38 7 35 40 40 20 45 2 14 32 14 18 27 13 9 0 11 50 11 12 48 1 27 15 27 25 18 22 8 45 33 22
40 30 34 59 94 103 134 225 271 280 324 338 368 458 464 534 552 579 627 665 669 687 694 711 719 737 742 778 797 807 824 856 874 891 909 920 923 928 936 952 958 5 21 32 44 9 20 2 42 10 0 6 6 43 29 41 42 39 13 44 50 30 45 1 18 18 1 0 18 1 35 13 17 15 30 38 21 11 20 28 36
48 18 30 66 82 122 126 128 168 208 259 267 269 282 319 324 341 343 369 370 377 382 436 438 448 500 508 533 582 616 645 646 647 651 675 689 707 712 727 734 738 759 773 775 787 794 847 902 903 23 31 2 12 1 50 14 32 42 26 36 31 4 40 37 22 45 9 8 14 11 33 2 0 19 4 10 16 49 46 40 49 16 21 2 33 28 30 24 33 11 45 16 26 23 6 29 10
45 2 5 30 39 54 56 109 137 140 198 211 213 248 252 256 272 282 301 356 362 377 391 402 408 412 442 448 452 456 467 510 540 575 584 602 613 626 657 737 837 841 898 933 956 975 14 41 29 43 7 38 37 47 36 20 32 37 47 24 18 1 1 46 34 26 43 5 3 32 25 14 9 2 31 2 40 10 39 3 9 2 42 50 9 47 39 13 4 15 4
70 9 10 18 27 40 49 51 55 57 68 79 111 121 122 123 131 152 167 175 180 227 244 246 264 269 270 308 332 369 380 401 415 425 432 437 446 471 479 481 512 515 531 598 627 635 637 641 642 650 659 664 669 690 691 693 697 708 741 753 768 776 798 834 844 951 959 966 971 973 976 42 23 27 28 14 8 17 41 24 40 17 44 43 1 50 14 42 17 41 45 3 35 16 33 18 18 27 13 4 45 33 47 40 7 48 26 23 13 35 31 38 11 24 29 12 27 8 10 21 40 29 17 19 12 19 40 41 24 43 28 26 49 19 31 29 42 29 37 6 10
34 19 22 73 131 155 214 238 270 307 315 376 467 482 530 539 548 597 661 674 711 717 724 749 757 766 769 801 804 811 858 884 911 949 998 46 8 14 43 0 40 40 36 6 47 36 7 8 2 45 38 35 39 43 34 36 21 25 17 42 21 25 13 19 11 33 16 45 39
8 230 304 323 412 536 642 912 918 17 29 25 40 39 49 26 39
