262 25
79 11 21 34 68 72 106 136 146 149 165 176 186 190 224 225 250 254 290 305 308 330 358 370 379 380 402 431 434 474 480 482 494 496 497 509 512 516 519 534 548 554 558 565 588 627 631 635 647 650 651 668 670 677 682 683 689 695 699 700 720 725 760 761 771 783 791 809 818 829 854 864 865 880 898 909 925 946 977 998 140 140 140 140 140 140 140 140 140 140 140 140 140 140 140 140 140 140 140 140 140 140 140 140 140 140 140 140 140 140 140 140 140 140 140 140 140 140 140 140 140 140 140 140 140 140 140 140 140 140 140 140 140 140 140 140 140 140 140 140 140 140 140 140 140 140 140 140 140 140 140 140 140 140 140 140 140 140 140
8 136 182 368 510 581 611 841 977 178 178 178 178 178 178 178 178
44 36 102 117 121 255 270 294 303 305 310 315 376 400 411 433 452 453 459 460 465 480 494 498 549 555 654 673 703 749 771 810 837 854 866 870 876 898 908 939 958 960 973 991 993 184 184 184 184 184 184 184 184 184 184 184 184 184 184 184 184 184 184 184 184 184 184 184 184 184 184 184 184 184 184 184 184 184 184 184 184 184 184 184 184 184 184 184 184
42 5 15 50 56 65 86 128 134 266 310 326 344 391 412 423 438 463 465 531 541 553 597 639 651 656 667 700 703 711 737 749 751 797 841 871 879 888 890 896 897 915 984 21 21 21 21 21 21 21 21 21 21 21 21 21 21 21 21 21 21 21 21 21 21 21 21 21 21 21 21 21 21 21 21 21 21 21 21 21 21 21 21 21 21
64 16 42 67 70 107 126 162 167 192 208 224 266 278 283 287 292 303 316 317 343 344 369 373 375 376 378 400 416 436 478 485 492 501 510 630 631 642 644 655 667 724 727 754 762 777 779 782 785 793 798 817 830 833 837 870 879 893 914 922 926 961 970 981 994 67 67 67 67 67 67 67 67 67 67 67 67 67 67 67 67 67 67 67 67 67 67 67 67 67 67 67 67 67 67 67 67 67 67 67 67 67 67 67 67 67 67 67 67 67 67 67 67 67 67 67 67 67 67 67 67 67 67 67 67 67 67 67 67
40 12 32 33 36 52 135 140 189 231 243 309 330 332 452 528 589 598 620 636 644 654 677 688 702 703 719 761 781 782 789 794 808 827 831 882 891 921 922 928 971 128 128 128 128 128 128 128 128 128 128 128 128 128 128 128 128 128 128 128 128 128 128 128 128 128 128 128 128 128 128 128 128 128 128 128 128 128 128 128 128
23 40 76 81 258 374 385 417 489 496 512 548 594 617 683 698 709 739 746 761 765 906 958 961 7 7 7 7 7 7 7 7 7 7 7 7 7 7 7 7 7 7 7 7 7 7 7
69 15 16 43 66 73 87 106 120 125 136 143 146 152 188 213 264 265 293 358 367 380 383 399 436 439 443 453 466 476 538 541 542 546 560 565 576 588 600 601 611 625 626 639 646 647 652 734 751 755 758 760 767 789 795 799 801 811 832 842 860 876 889 900 916 918 937 970 973 989 262 262 262 262 262 262 262 262 262 262 262 262 262 262 262 262 262 262 262 262 262 262 262 262 262 262 262 262 262 262 262 262 262 262 262 262 262 262 262 262 262 262 262 262 262 262 262 262 262 262 262 262 262 262 262 262 262 262 262 262 262 262 262 262 262 262 262 262 262
23 15 40 70 92 140 244 252 269 283 365 403 521 566 667 747 803 819 833 859 929 933 952 989 10 10 10 10 10 10 10 10 10 10 10 10 10 10 10 10 10 10 10 10 10 10 10
4 147 314 415 454 40 40 40 40
54 6 9 60 61 72 101 128 135 195 196 204 210 221 231 234 262 311 386 411 418 426 447 473 495 506 516 517 526 554 563 565 575 589 629 639 656 703 706 716 738 754 755 758 761 771 810 841 878 891 919 931 971 985 988 178 178 178 178 178 178 178 178 178 178 178 178 178 178 178 178 178 178 178 178 178 178 178 178 178 178 178 178 178 178 178 178 178 178 178 178 178 178 178 178 178 178 178 178 178 178 178 178 178 178 178 178 178 178
21 17 42 47 65 71 72 102 149 217 272 287 320 333 338 438 502 527 555 560 806 830 141 141 141 141 141 141 141 141 141 141 141 141 141 141 141 141 141 141 141 141 141
29 41 113 174 205 216 223 298 317 353 478 494 518 618 622 634 638 672 675 687 699 712 762 780 784 848 880 924 939 948 5 5 5 5 5 5 5 5 5 5 5 5 5 5 5 5 5 5 5 5 5 5 5 5 5 5 5 5 5
8 60 453 457 524 729 882 959 963 179 179 179 179 179 179 179 179
24 62 153 158 178 212 242 285 329 333 352 371 408 551 590 675 737 806 856 878 897 938 942 965 992 177 177 177 177 177 177 177 177 177 177 177 177 177 177 177 177 177 177 177 177 177 177 177 177
43 25 39 46 48 49 56 62 101 141 151 195 208 237 238 255 271 287 291 389 393 406 407 410 439 444 452 487 511 544 568 608 619 637 653 659 689 700 707 760 794 867 868 994 13 13 13 13 13 13 13 13 13 13 13 13 13 13 13 13 13 13 13 13 13 13 13 13 13 13 13 13 13 13 13 13 13 13 13 13 13 13 13 13 13 13 13
64 12 15 18 53 80 89 98 108 110 132 138 139 140 152 215 224 229 230 238 242 244 260 278 285 288 293 310 320 328 333 341 350 352 359 371 416 460 496 502 508 515 535 606 610 662 690 693 696 700 703 710 713 718 756 770 774 827 832 838 883 893 898 987 997 50 50 50 50 50 50 50 50 50 50 50 50 50 50 50 50 50 50 50 50 50 50 50 50 50 50 50 50 50 50 50 50 50 50 50 50 50 50 50 50 50 50 50 50 50 50 50 50 50 50 50 50 50 50 50 50 50 50 50 50 50 50 50 50
52 14 23 52 75 92 152 162 170 239 252 254 259 284 295 323 325 336 339 374 388 432 439 448 449 483 490 508 586 599 616 617 618 641 648 657 670 673 718 807 817 823 830 834 855 861 877 888 898 904 956 996 999 191 191 191 191 191 191 191 191 191 191 191 191 191 191 191 191 191 191 191 191 191 191 191 191 191 191 191 191 191 191 191 191 191 191 191 191 191 191 191 191 191 191 191 191 191 191 191 191 191 191 191 191
66 6 21 45 53 54 87 90 97 116 135 140 144 165 169 183 193 209 211 219 223 225 230 232 242 252 258 263 274 288 321 331 346 365 368 390 397 415 422 430 463 501 516 543 565 573 631 632 640 674 692 713 721 722 743 771 817 823 851 857 859 870 882 958 973 979 996 235 235 235 235 235 235 235 235 235 235 235 235 235 235 235 235 235 235 235 235 235 235 235 235 235 235 235 235 235 235 235 235 235 235 235 235 235 235 235 235 235 235 235 235 235 235 235 235 235 235 235 235 235 235 235 235 235 235 235 235 235 235 235 235 235 235
74 21 91 107 125 138 148 185 199 200 213 229 257 268 274 283 289 299 302 317 324 331 343 345 347 358 373 377 378 380 408 413 417 423 430 463 484 505 509 527 528 540 560 565 573 623 650 657 678 696 725 727 730 733 751 758 765 766 769 807 811 814 817 819 842 864 882 894 895 896 901 943 951 954 988 179 179 179 179 179 179 179 179 179 179 179 179 179 179 179 179 179 179 179 179 179 179 179 179 179 179 179 179 179 179 179 179 179 179 179 179 179 179 179 179 179 179 179 179 179 179 179 179 179 179 179 179 179 179 179 179 179 179 179 179 179 179 179 179 179 179 179 179 179 179 179 179 179 179
24 7 60 86 132 155 189 219 229 244 299 303 316 349 397 494 510 538 583 720 819 863 901 927 963 247 247 247 247 247 247 247 247 247 247 247 247 247 247 247 247 247 247 247 247 247 247 247 247
17 18 75 80 242 244 272 354 489 562 608 705 714 716 795 847 864 877 115 115 115 115 115 115 115 115 115 115 115 115 115 115 115 115 115
88 6 33 50 59 64 76 100 119 125 129 130 131 132 151 153 182 205 208 217 224 232 247 290 319 322 331 339 345 373 378 383 406 415 425 470 492 496 507 520 525 526 531 532 544 548 555 556 559 562 573 574 580 597 599 600 618 639 647 667 669 672 686 689 701 705 710 725 744 777 790 793 795 806 809 816 828 843 850 853 869 876 918 939 951 954 988 989 998 191 191 191 191 191 191 191 191 191 191 191 191 191 191 191 191 191 191 191 191 191 191 191 191 191 191 191 191 191 191 191 191 191 191 191 191 191 191 191 191 191 191 191 191 191 191 191 191 191 191 191 191 191 191 191 191 191 191 191 191 191 191 191 191 191 191 191 191 191 191 191 191 191 191 191 191 191 191 191 191 191 191 191 191 191 191 191 191
83 4 13 30 38 53 58 62 76 109 121 125 126 179 188 191 195 226 231 238 262 277 290 298 310 312 315 324 329 343 346 350 355 356 358 382 397 399 407 415 419 446 465 482 491 493 506 513 519 520 530 557 589 600 601 624 631 662 665 680 687 717 721 733 745 771 774 778 795 804 827 830 851 871 877 910 930 933 939 940 952 959 962 985 53 53 53 53 53 53 53 53 53 53 53 53 53 53 53 53 53 53 53 53 53 53 53 53 53 53 53 53 53 53 53 53 53 53 53 53 53 53 53 53 53 53 53 53 53 53 53 53 53 53 53 53 53 53 53 53 53 53 53 53 53 53 53 53 53 53 53 53 53 53 53 53 53 53 53 53 53 53 53 53 53 53 53
17 58 89 145 172 387 519 597 668 678 771 852 876 880 884 907 939 950 210 210 210 210 210 210 210 210 210 210 210 210 210 210 210 210 210
70 35 44 65 79 110 118 122 124 127 134 154 170 223 245 252 269 270 273 281 313 324 326 339 359 376 413 423 431 433 446 459 463 475 476 502 506 509 539 568 574 582 588 602 618 619 667 673 686 710 744 753 757 762 765 787 798 812 819 844 855 862 883 893 902 911 927 948 952 979 991 147 147 147 147 147 147 147 147 147 147 147 147 147 147 147 147 147 147 147 147 147 147 147 147 147 147 147 147 147 147 147 147 147 147 147 147 147 147 147 147 147 147 147 147 147 147 147 147 147 147 147 147 147 147 147 147 147 147 147 147 147 147 147 147 147 147 147 147 147 147
