200 26
76 13 14 22 45 64 66 96 107 111 117 142 153 164 179 183 194 198 201 237 272 278 295 319 325 342 356 357 361 368 391 409 416 430 432 438 452 466 500 506 507 519 560 573 575 581 587 590 613 627 630 650 670 689 707 713 714 721 724 741 772 773 778 796 811 835 843 856 861 921 940 955 976 982 984 990 997 90 65 118 18 42 83 161 58 145 165 110 126 90 105 84 83 142 175 52 94 89 42 171 25 196 21 50 52 138 3 186 113 103 31 183 23 26 23 28 51 187 69 78 1 141 114 105 192 169 188 183 168 46 88 180 27 166 136 14 151 7 148 129 5 142 96 124 128 111 172 139 11 136 111 59 147
42 17 70 74 103 110 144 154 170 181 198 235 242 250 299 319 328 347 382 408 482 510 580 607 615 648 678 701 704 735 736 785 816 821 832 835 836 861 887 949 979 980 991 105 160 37 13 71 154 24 117 192 70 185 184 36 44 54 15 148 29 86 79 148 101 147 149 108 34 14 135 195 108 69 11 153 111 33 124 28 69 115 107 35 28
19 10 73 180 237 239 285 288 342 356 454 504 628 797 817 885 897 919 974 975 156 75 179 69 62 125 67 112 73 61 104 141 27 23 100 79 13 8 48
81 10 12 58 81 83 102 109 111 121 150 173 174 196 204 233 248 255 263 270 281 285 333 337 345 361 363 375 378 405 408 417 422 431 449 457 464 479 491 492 508 514 551 556 570 577 596 601 613 626 634 665 672 697 704 729 743 745 751 755 796 813 816 823 833 834 841 856 893 895 896 908 914 924 928 933 937 971 986 989 992 994 62 45 148 2 150 58 129 162 22 51 91 3 60 121 149 170 111 155 175 89 113 181 176 174 184 51 28 198 8 140 165 124 136 25 126 32 42 46 33 189 86 78 85 68 128 7 174 88 55 109 187 47 21 109 98 104 150 129 63 189 167 194 36 16 93 23 128 125 135 3 31 180 182 37 48 176 50 32 179 91 171
72 36 61 158 169 175 186 191 205 220 240 272 275 278 326 328 333 351 375 387 426 444 457 461 497 508 519 520 529 533 534 541 543 558 561 569 570 597 601 609 611 626 650 651 658 674 683 688 696 711 715 722 729 753 758 760 781 791 793 806 817 819 850 853 858 877 923 924 949 952 956 963 965 144 176 151 124 196 96 113 90 56 168 89 160 81 100 13 62 61 193 63 189 136 104 147 44 195 170 90 149 83 106 27 11 95 125 65 121 32 5 4 111 81 61 72 79 158 159 186 20 80 128 29 120 39 107 47 153 7 134 93 53 79 19 119 199 53 105 24 70 77 105 91 175
75 4 9 14 55 58 65 74 86 89 116 122 127 136 147 158 162 164 189 198 231 233 236 278 280 309 315 335 346 367 372 394 401 417 460 464 509 515 592 605 606 622 633 642 658 665 691 692 705 722 723 728 768 772 778 786 811 826 845 848 853 856 867 882 892 895 899 909 918 930 939 952 967 970 984 987 59 38 90 137 43 47 124 199 101 11 42 102 176 191 20 155 2 8 163 101 70 67 166 39 110 27 89 140 108 0 171 185 26 80 77 71 12 36 46 147 22 42 171 189 99 50 71 89 29 15 131 164 48 126 183 66 49 75 170 92 102 41 108 52 188 32 143 112 159 22 183 12 2 109 59
35 30 40 122 184 188 223 249 263 265 267 277 363 393 410 412 424 454 489 538 589 604 703 730 748 758 814 841 857 894 897 904 956 959 978 989 136 98 109 34 191 71 90 153 157 85 196 109 138 9 126 43 48 159 184 174 92 99 73 15 130 157 154 27 80 141 61 77 13 117 1
38 127 130 171 173 184 232 239 270 286 392 442 463 465 512 556 570 578 612 667 696 709 722 738 754 765 778 791 811 837 871 874 950 954 957 976 983 987 988 163 4 7 20 41 24 111 50 191 34 133 64 104 73 176 66 70 31 51 41 97 38 141 178 91 167 81 23 99 167 33 28 150 139 182 51 4 79
72 6 38 40 60 73 89 93 97 104 109 133 140 145 156 158 213 228 242 253 255 298 302 304 321 342 346 365 385 390 392 394 400 403 419 456 463 497 529 550 555 573 603 612 624 656 658 674 682 693 698 702 716 728 730 733 750 785 810 815 819 852 884 934 944 948 953 964 965 969 978 982 999 156 181 126 91 27 195 2 141 172 3 12 9 124 47 50 136 86 191 56 32 44 63 104 7 134 136 54 105 42 145 149 3 189 165 169 199 163 161 76 113 53 72 38 152 39 156 184 102 200 169 148 182 178 32 35 145 141 171 32 8 78 151 114 101 132 123 89 7 80 38 194 163
5 299 352 364 390 934 33 169 110 40 108
8 297 416 632 764 768 800 932 934 199 90 122 106 11 51 138 103
62 6 22 42 70 174 207 228 246 262 280 281 285 303 309 310 327 333 341 352 372 430 438 463 501 521 526 537 562 579 592 594 597 612 627 633 638 645 662 667 671 676 747 760 767 770 774 784 788 804 805 810 817 828 829 838 894 901 915 931 936 972 991 138 151 184 188 135 130 57 157 74 107 154 45 122 133 87 191 90 97 168 126 82 41 181 182 185 54 80 104 90 144 58 135 191 56 37 139 17 113 17 111 167 6 150 148 33 139 156 176 53 74 192 125 140 14 71 131 193 157 57 12 187 34
9 34 63 74 93 180 241 531 538 718 68 64 141 148 28 141 113 78 145
78 6 26 29 36 44 51 55 61 68 76 117 131 162 184 201 203 213 259 267 268 272 275 277 293 312 328 358 365 369 373 416 428 432 439 440 444 453 470 486 488 516 523 524 533 536 564 575 590 593 595 596 604 625 631 656 672 719 728 730 731 741 757 781 782 800 812 832 843 855 895 917 922 924 927 967 979 989 994 198 15 31 106 149 38 11 99 7 89 49 132 127 126 10 63 85 146 34 130 171 192 37 79 189 60 14 193 197 104 89 41 121 18 66 90 138 92 126 175 188 153 151 143 51 44 80 109 52 52 64 58 89 159 141 35 83 154 148 83 83 169 61 29 7 86 34 1 144 60 89 54 136 172 136 51 137 44
49 3 37 40 47 51 98 137 172 174 178 192 210 279 288 303 319 320 332 356 395 484 498 500 502 504 516 560 567 572 623 683 688 735 741 792 820 851 863 864 866 900 927 935 957 960 967 997 998 999 93 13 22 101 5 78 173 182 107 72 121 176 194 192 106 59 99 21 143 187 44 82 137 158 162 165 109 94 61 43 192 110 172 176 194 63 188 90 66 174 45 57 92 182 170 134 132 188 44
29 117 122 138 156 164 174 175 203 206 264 311 325 330 337 459 500 523 579 604 624 673 756 807 841 862 920 926 968 969 166 158 132 100 120 196 8 2 172 187 142 183 34 50 18 7 136 176 68 15 45 18 12 50 186 195 128 196 159
67 7 24 39 68 82 115 139 145 151 152 175 179 181 206 210 214 218 226 259 282 286 310 343 373 394 396 397 401 405 413 415 422 423 472 487 493 567 574 580 583 585 604 616 619 630 648 655 665 680 693 700 708 714 729 733 758 759 818 828 854 877 891 914 928 959 962 973 133 104 29 174 4 56 138 143 44 33 181 18 186 56 181 52 0 70 199 136 145 47 199 38 186 191 156 12 121 162 18 157 94 77 112 125 129 194 52 51 39 118 151 70 142 186 66 195 16 34 58 57 5 190 138 166 48 78 163 137 25 194 161 62 57 182 63
74 10 22 58 70 89 112 116 129 136 173 175 233 235 238 254 257 259 266 283 284 293 308 309 344 368 416 428 439 443 462 480 489 494 497 509 529 546 560 600 608 620 626 630 665 667 670 679 681 692 723 726 728 746 749 750 768 777 783 791 803 840 844 862 887 898 900 917 931 934 942 957 958 979 996 143 168 145 99 41 74 116 163 167 38 33 189 79 107 95 174 193 178 131 199 54 141 167 61 144 23 125 86 38 17 48 113 112 72 64 91 43 53 93 19 24 188 51 85 23 120 157 39 89 52 64 70 144 175 161 8 87 187 120 163 22 184 63 134 103 0 150 73 67 193 12 4 142 110
81 3 22 41 42 43 49 69 74 76 82 85 86 100 104 106 118 120 136 139 150 156 170 180 183 210 220 223 230 240 254 276 283 310 330 332 337 342 347 361 379 381 382 405 428 429 435 458 466 513 527 542 563 578 591 610 625 632 639 722 732 735 744 753 801 810 828 834 835 848 854 861 877 900 915 916 933 940 955 964 984 997 199 175 49 180 146 128 53 156 124 183 17 174 130 36 71 180 181 26 172 149 172 49 65 137 173 104 190 153 48 94 172 157 66 150 193 65 129 100 14 41 21 22 94 116 25 150 147 117 55 77 50 134 128 95 141 39 125 69 186 53 83 156 83 75 19 97 75 165 54 123 88 178 79 129 81 156 189 133 136 49 93
43 6 59 78 79 80 99 109 220 229 261 277 278 293 303 308 333 363 371 406 425 471 494 584 597 605 616 617 624 640 648 753 776 783 807 837 847 853 854 883 910 912 920 972 130 100 103 99 2 13 45 29 47 97 12 118 103 122 24 106 171 83 75 110 200 153 23 156 129 127 51 61 151 155 96 94 96 136 159 20 41 36 200 5 188 135 87
84 24 26 36 40 41 78 90 122 127 134 171 177 183 199 204 214 220 224 231 235 236 255 269 278 285 290 331 354 357 359 361 373 385 393 403 408 422 436 442 458 466 469 474 497 499 515 522 538 554 575 584 605 619 623 625 639 646 664 703 713 715 737 744 768 790 794 812 814 821 836 862 864 865 869 892 902 918 928 933 936 949 982 997 999 19 154 55 123 14 117 119 68 65 114 135 81 68 154 172 138 175 29 65 26 161 146 101 107 153 41 99 107 81 28 145 39 149 51 80 157 106 148 109 121 136 50 136 95 128 41 3 195 55 14 16 186 89 67 137 113 179 123 96 129 3 52 163 157 165 168 120 30 100 40 144 131 115 18 67 137 47 99 2 20 126 145 138 15
73 14 16 42 53 64 74 85 96 99 102 108 172 173 213 220 223 234 247 262 280 286 292 297 306 310 322 324 382 386 387 396 404 415 438 451 478 481 509 525 579 597 598 603 622 632 636 650 657 663 692 713 717 726 754 761 790 793 803 804 811 815 832 840 853 866 875 895 946 950 968 973 975 993 7 45 146 163 40 123 101 196 72 159 30 126 186 131 97 196 51 118 193 146 167 13 162 177 113 76 115 42 117 129 16 43 111 198 79 115 12 15 85 129 83 45 170 47 117 120 164 98 162 33 96 147 129 195 22 115 9 49 176 92 21 156 121 18 57 135 156 79 63 83 73 59 33
67 16 46 62 67 73 83 106 116 127 155 184 196 199 228 255 267 272 288 290 310 325 351 354 362 382 384 403 423 452 458 462 467 470 478 479 513 531 532 561 604 621 699 736 741 748 749 753 773 782 785 796 802 807 810 818 840 884 904 908 910 919 923 937 947 973 981 996 40 193 113 72 26 198 41 120 186 49 27 115 182 94 44 97 20 84 149 149 180 98 17 52 138 150 104 83 113 24 22 9 7 39 20 26 127 151 67 144 58 66 168 16 118 145 38 160 159 164 89 192 168 60 100 16 55 170 140 54 53 29 182 63 119 92 175
22 13 41 77 95 151 261 276 281 331 407 424 494 553 575 718 752 858 883 886 927 986 993 62 84 54 200 136 172 152 176 83 165 48 7 172 85 8 180 164 161 56 6 30 52
48 18 41 46 49 68 76 93 113 130 166 171 177 179 189 220 230 278 279 305 313 327 337 360 362 367 374 393 459 512 542 548 618 653 688 700 717 729 779 797 809 879 890 907 917 921 927 937 994 48 66 8 190 77 32 28 190 29 100 146 114 99 107 192 134 182 95 105 1 3 196 24 76 5 172 185 18 7 86 79 101 170 180 124 9 36 184 153 132 11 173 154 192 72 120 39 14
16 19 27 49 65 72 111 144 186 261 330 356 373 461 470 630 962 141 61 5 160 181 165 49 64 143 54 129 51 63 193 188 103
2 136 388 115 13
