250 39
87 9 14 22 28 31 39 40 48 53 58 78 83 84 90 117 136 139 141 142 144 181 185 188 208 237 259 294 318 320 321 325 337 343 356 362 379 387 390 438 445 468 495 511 521 532 544 552 562 584 661 688 692 693 695 737 754 756 759 773 786 796 800 801 813 814 817 818 829 842 851 875 897 900 922 937 946 966 968 970 981 984 985 988 991 992 993 994 46 149 19 114 3 223 82 169 244 186 49 161 135 209 14 158 58 55 128 152 237 205 8 232 113 117 19 87 142 100 162 56 102 137 211 81 202 11 144 58 238 129 207 21 114 132 245 168 177 145 60 120 208 57 34 224 52 150 94 69 106 205 164 147 101 218 122 147 59 85 130 194 169 92 95 40 65 64 98 200 60 217 20 65 65 117 221
60 2 11 36 49 52 53 58 89 105 124 143 162 175 188 189 193 204 206 209 241 242 257 286 303 311 322 356 360 408 441 444 457 470 482 505 515 527 538 566 589 596 627 632 674 675 690 700 716 748 777 825 835 857 902 920 922 925 929 949 969 94 59 92 12 127 229 212 87 82 203 161 191 110 7 215 20 64 89 108 179 48 187 179 13 145 39 69 158 162 54 101 2 152 93 160 157 234 111 4 11 220 38 76 83 85 102 40 64 201 183 208 141 37 205 16 90 206 49 132 231
84 10 15 29 55 73 75 77 89 90 104 122 142 144 150 152 156 157 165 168 214 217 222 227 235 240 251 281 295 298 299 338 342 366 400 422 432 440 453 471 476 484 486 498 499 520 524 539 558 573 574 585 602 625 627 641 652 719 740 742 754 759 761 763 786 787 798 807 822 826 827 843 857 862 885 910 922 940 951 956 957 974 978 995 999 92 206 201 224 134 240 195 59 130 204 92 120 111 220 152 145 192 129 150 218 219 20 190 181 225 90 16 97 242 166 216 19 183 233 217 52 76 189 174 190 87 85 215 73 66 96 184 100 121 184 80 102 38 226 91 80 196 162 94 169 205 227 170 243 26 87 80 221 107 206 196 165 88 26 85 10 205 114 240 181 187 149 18 97
96 4 20 22 24 31 48 56 71 85 90 109 121 122 128 134 176 177 180 197 202 235 241 244 251 265 269 285 289 306 308 309 315 352 365 373 387 394 395 411 413 415 432 442 446 460 462 469 470 481 483 487 499 501 518 534 536 575 578 592 596 608 624 628 629 645 651 666 690 726 733 759 760 762 771 773 813 842 848 868 870 871 876 898 899 918 926 928 934 937 941 955 967 968 974 978 991 249 182 214 198 222 107 101 163 187 109 98 133 57 8 126 188 217 10 157 33 139 150 24 52 126 205 219 82 172 110 210 36 196 34 47 98 74 204 84 170 73 16 10 142 170 129 181 113 228 29 219 131 138 105 152 21 62 209 43 114 234 236 224 102 101 132 0 144 204 185 110 56 167 173 212 103 62 234 226 228 229 149 162 211 135 19 48 104 238 162 9 36 151 197 107 121
55 6 37 38 49 50 55 76 161 164 169 187 190 192 199 206 210 232 239 244 264 276 279 281 286 297 321 371 466 473 475 579 588 600 601 618 649 671 673 676 701 724 735 738 753 785 790 851 886 898 910 912 927 929 952 973 38 139 155 138 32 49 33 18 187 85 160 55 173 127 118 250 13 203 237 198 34 82 119 234 182 229 31 29 233 118 91 240 242 209 208 98 213 203 77 132 34 89 232 193 95 12 45 237 72 116 220 229 143 138 43
42 44 93 96 105 120 121 137 146 147 158 165 170 204 206 278 323 331 446 461 520 521 522 547 584 590 602 612 637 639 643 692 744 822 833 837 839 844 899 958 978 983 986 65 106 8 150 59 243 242 14 126 2 82 116 34 193 95 74 10 154 229 37 86 223 85 83 128 30 2 136 86 171 62 116 108 69 72 11 164 96 222 230 192 199
8 69 316 486 536 670 890 936 984 34 135 6 248 178 24 232 127
26 52 70 105 107 153 232 265 320 329 386 391 478 488 521 524 528 547 639 687 706 791 852 887 893 907 949 158 147 14 30 150 140 76 144 44 51 213 89 53 186 122 222 147 37 200 4 224 3 249 56 98 155
1 47 27
39 6 23 26 66 80 93 109 115 162 236 256 261 323 358 386 411 433 441 479 485 510 527 557 564 567 633 645 694 752 776 787 820 841 906 950 963 991 993 996 22 11 207 91 232 193 147 152 191 91 154 146 227 162 146 242 63 193 160 127 64 216 176 1 41 188 159 231 10 81 88 42 199 0 109 150 228 204 54
59 50 52 62 75 127 137 153 160 177 249 269 283 312 327 345 350 386 414 433 437 453 471 478 485 507 516 539 543 557 558 563 584 613 632 633 638 694 698 710 713 766 772 780 797 818 820 829 862 874 884 896 911 912 933 935 963 976 979 981 27 109 126 64 72 200 50 239 134 95 83 116 31 9 155 51 171 75 133 62 115 180 131 181 99 191 168 244 106 179 174 47 186 210 19 199 101 46 239 186 85 137 44 84 25 222 24 227 55 145 41 174 19 136 44 247 57 104 33
15 6 110 252 272 318 466 483 488 713 752 794 799 858 919 973 96 107 127 84 9 162 42 225 93 86 161 167 158 213 141
5 135 303 497 586 962 190 158 145 58 135
98 1 6 12 15 27 35 44 45 69 70 71 77 83 103 126 129 147 149 154 164 174 175 182 184 193 210 230 231 233 253 257 263 271 274 285 294 295 305 322 327 329 339 355 375 381 396 400 408 420 435 438 442 456 458 461 472 501 517 518 522 523 529 530 540 546 555 624 630 650 666 680 690 691 696 701 710 715 729 752 760 761 766 770 780 798 810 829 863 870 875 881 904 912 934 944 945 946 999 229 180 185 238 147 98 30 27 192 69 64 208 202 120 225 244 161 44 143 198 135 128 83 183 26 123 141 188 119 178 228 77 114 137 217 143 139 183 188 58 182 154 204 240 189 112 128 63 95 1 190 80 78 125 183 112 230 82 170 0 44 236 18 138 134 160 38 27 247 110 128 39 148 31 218 232 99 37 107 19 156 28 228 68 92 91 186 85 243 188 3 156 189 33 209 3 55 162
57 3 28 54 66 86 146 150 161 165 181 232 243 249 263 276 278 293 303 305 315 368 370 399 411 424 432 456 457 492 516 552 568 572 580 581 603 623 626 676 714 720 762 792 800 802 820 852 863 882 901 923 927 949 966 977 978 987 34 104 37 99 194 169 115 179 153 46 85 114 146 48 151 29 201 144 18 70 97 242 103 238 110 221 219 25 232 172 183 198 51 192 132 103 2 165 9 135 34 95 141 184 233 43 17 34 69 144 8 162 72 70 143 214 230
30 46 79 111 120 144 193 198 202 250 276 284 292 340 348 463 475 481 551 596 606 610 637 730 752 780 817 848 859 887 918 125 12 174 13 248 78 13 142 64 106 211 192 50 209 38 246 215 34 70 56 108 153 120 174 70 221 90 144 54 60
47 3 23 24 44 55 60 98 109 146 150 165 182 199 233 249 262 268 287 295 305 324 403 405 435 446 490 513 526 541 546 553 572 637 644 681 708 719 734 743 763 764 822 863 868 943 992 997 140 170 48 219 34 142 178 203 9 168 213 25 39 211 136 183 22 106 148 235 0 120 161 193 37 225 90 107 156 35 72 77 230 249 51 146 163 181 34 208 135 141 184 109 169 81 27
55 2 9 60 61 64 84 93 104 124 127 145 153 157 162 175 176 213 243 248 270 275 284 289 297 314 347 357 383 417 420 437 447 505 544 546 556 561 578 622 624 646 650 664 670 672 677 697 706 721 764 834 864 911 961 968 189 190 57 80 193 247 70 25 129 73 53 78 37 243 79 231 66 213 13 39 142 229 104 3 233 244 88 99 250 170 89 157 176 19 106 173 59 50 100 13 220 100 43 52 242 157 15 180 146 10 94 196 70 48 166
51 6 37 50 67 77 98 131 132 190 194 229 255 261 292 330 332 390 397 451 469 470 491 499 515 519 525 577 596 600 615 625 629 679 699 759 768 770 816 834 846 850 851 882 897 914 932 938 961 965 978 979 26 27 195 40 188 56 48 111 39 57 51 126 64 201 220 128 22 34 134 169 221 89 94 184 6 86 205 31 123 234 27 75 29 41 75 82 148 220 193 206 200 114 207 86 127 22 37 10 117 189 61
26 55 94 120 194 285 304 330 377 414 419 470 480 507 514 516 519 574 596 617 699 710 776 795 954 991 994 228 92 24 113 63 189 131 29 180 142 31 69 170 157 120 244 128 32 127 43 54 122 18 14 194 156
93 1 6 26 31 33 55 62 76 78 95 101 130 156 160 165 172 180 223 228 229 245 246 247 266 267 299 304 306 314 335 349 356 385 400 402 418 439 443 451 456 457 462 465 488 490 492 503 506 512 516 525 555 557 562 630 634 651 662 676 685 689 690 699 708 715 732 734 752 759 766 771 773 779 780 817 819 820 821 823 825 839 844 851 871 879 880 894 897 932 944 948 952 978 178 79 90 125 83 82 190 23 46 144 204 191 9 134 119 25 70 100 49 201 250 214 249 96 172 126 250 75 222 31 248 52 239 184 197 58 151 104 146 178 6 139 16 47 124 73 74 129 99 163 234 87 114 75 89 89 181 106 248 152 77 233 173 119 37 136 85 103 113 144 104 150 80 233 75 76 41 214 164 228 133 114 127 151 6 204 203 126 247 36 85 166 34
16 2 271 279 282 327 346 356 470 688 698 729 733 785 802 975 985 8 127 196 156 15 55 246 207 217 249 80 140 97 163 185 53
41 2 34 90 95 98 115 120 123 207 210 216 223 260 270 301 325 365 407 460 464 510 518 532 534 548 604 612 636 646 657 672 712 774 777 836 884 939 959 966 973 989 232 142 192 165 149 7 208 53 222 172 186 62 211 97 149 0 10 19 105 244 107 127 121 226 195 102 148 46 89 225 105 126 58 61 86 172 148 207 195 36 60
2 258 782 27 9
5 152 206 326 396 969 222 90 61 80 77
85 32 33 39 46 105 112 113 119 120 137 144 154 164 201 211 220 237 239 241 242 247 258 262 266 274 295 312 322 323 363 388 395 404 410 425 464 481 492 498 517 535 540 542 549 556 570 571 573 582 590 608 609 629 695 728 739 753 763 772 786 807 814 822 828 833 837 843 856 858 869 870 876 878 890 897 899 905 907 908 909 923 927 935 989 990 206 78 108 162 15 249 148 186 190 40 166 183 95 114 38 181 236 4 15 104 213 61 94 54 37 36 180 3 111 37 110 224 185 207 159 137 100 66 194 71 11 129 45 161 68 192 79 49 12 173 110 19 97 169 182 166 113 43 35 112 166 115 171 201 91 157 196 21 34 2 43 216 168 157 244 202 108 37 249 76 129 112 82 126 136
25 31 51 65 87 138 150 197 236 278 281 290 434 487 498 526 566 635 649 661 685 732 904 905 919 986 91 212 52 177 97 194 200 109 143 244 166 0 149 244 186 113 171 30 44 27 145 13 113 237 177
88 4 10 18 20 21 33 34 40 48 54 79 110 122 160 164 167 215 236 237 248 258 270 304 305 324 329 356 359 368 370 371 376 382 389 394 405 408 416 419 422 425 427 436 444 447 490 495 497 500 518 524 531 544 567 574 584 585 597 611 633 640 644 647 653 655 684 710 711 714 716 750 766 768 771 782 784 790 812 832 839 850 859 887 916 956 964 993 997 51 246 12 202 140 198 214 219 0 227 199 187 250 7 3 139 154 106 245 144 75 38 245 233 4 84 121 3 99 191 246 229 103 46 250 220 31 90 44 63 215 39 206 81 134 224 201 3 43 192 101 69 11 174 185 96 52 81 85 132 122 60 32 134 27 214 71 219 52 103 21 4 241 126 59 240 233 197 43 152 212 235 160 3 25 239 180 55
78 24 29 48 55 58 65 71 74 85 107 137 145 158 161 175 177 196 210 216 220 244 256 258 282 290 304 319 332 340 357 394 409 423 438 457 475 494 498 538 559 594 610 623 629 638 644 645 661 665 671 686 691 705 708 713 715 719 730 735 765 776 807 810 811 824 840 843 861 869 880 887 892 900 908 909 961 974 996 174 105 26 8 39 129 180 173 21 141 82 73 68 10 236 194 234 212 247 87 78 143 12 80 89 220 16 85 82 245 117 165 109 162 44 193 214 246 141 99 61 140 247 163 136 125 250 193 10 198 120 6 93 30 238 84 206 196 241 0 250 97 67 1 239 233 244 197 118 108 120 130 231 14 18 38 241 27
4 13 223 568 797 11 128 247 187
90 5 8 12 13 28 30 40 42 84 88 119 120 127 139 148 170 177 195 203 215 231 233 235 238 242 256 259 264 266 274 279 282 298 302 316 318 358 361 364 371 377 386 401 407 408 414 428 445 449 485 487 491 493 497 518 556 593 595 598 614 632 636 639 654 659 660 662 667 696 736 739 768 771 796 807 819 824 826 846 867 877 884 950 966 967 970 972 974 980 994 136 208 120 173 130 105 236 176 91 115 52 191 170 233 82 230 141 60 180 154 6 193 142 215 221 24 149 50 164 215 215 30 117 128 119 54 55 138 235 90 239 51 133 110 71 57 69 204 154 207 111 155 20 25 48 215 197 242 49 148 20 98 224 184 128 34 114 186 21 75 229 112 163 217 170 204 134 122 37 146 68 222 248 94 40 184 160 222 46 250
38 6 13 25 42 101 104 131 141 171 173 204 211 231 247 345 385 456 457 462 487 492 535 547 598 600 643 657 766 781 797 830 869 892 904 921 928 948 956 5 65 67 26 105 238 43 16 136 223 243 103 132 118 202 195 140 211 221 95 71 229 160 218 35 119 200 98 29 31 21 37 102 76 41 147 205 191
39 8 19 47 48 60 102 174 182 194 212 216 231 235 248 255 256 274 287 319 321 323 350 428 436 506 575 578 584 595 649 656 718 719 781 782 791 798 882 930 211 208 172 117 240 156 207 230 2 128 88 34 62 210 89 10 149 84 58 95 198 114 50 180 245 11 158 122 83 109 200 147 156 177 180 182 172 214 25
3 69 407 436 100 129 137
30 25 124 155 176 193 207 239 258 315 335 403 471 480 522 535 597 604 650 655 674 697 712 719 726 781 809 875 924 959 965 197 62 223 58 153 247 186 228 167 221 22 73 94 141 2 95 140 207 18 87 68 59 126 34 162 112 6 165 184 138
46 12 42 68 72 77 87 99 154 170 181 205 206 209 230 234 291 294 348 358 369 423 474 477 495 518 521 538 597 604 661 687 731 758 760 774 777 799 819 840 874 897 928 962 965 988 996 150 175 189 117 102 114 4 49 32 19 221 133 30 241 80 250 21 187 200 168 206 239 183 188 74 140 174 154 212 240 229 65 103 198 124 70 80 218 166 191 5 188 104 28 114 231
97 7 30 31 38 69 79 87 91 112 117 122 134 143 162 175 179 183 192 203 207 209 218 225 230 233 242 261 281 289 319 332 334 357 363 373 393 409 415 420 446 472 489 491 515 519 525 557 559 567 571 573 585 594 595 603 610 619 626 628 632 644 653 660 683 699 708 718 722 723 732 775 787 788 792 798 815 822 831 840 844 847 861 871 876 887 899 911 933 936 948 954 960 965 972 973 980 985 50 23 108 37 38 129 217 11 87 69 61 51 105 76 241 237 241 191 157 3 189 41 28 116 48 133 130 28 11 101 152 29 41 144 242 158 33 139 207 75 197 221 154 235 79 136 179 190 145 100 120 112 76 142 235 250 124 31 250 157 236 237 250 5 1 36 219 205 161 223 12 59 103 203 110 26 115 1 122 12 73 216 158 72 138 194 154 55 51 41 56 29 61 207 185 246 147
98 2 7 16 55 70 78 89 95 96 107 112 123 127 147 149 151 156 163 187 197 198 206 210 229 239 246 247 255 269 278 300 303 304 307 311 317 325 340 344 351 362 367 379 388 396 420 423 432 435 437 447 463 517 523 533 540 547 551 555 596 602 639 651 655 664 686 705 706 712 719 720 724 739 746 758 778 779 787 796 820 827 838 839 859 868 893 895 901 906 941 944 947 959 981 982 987 992 997 125 26 149 67 56 124 84 209 246 153 21 52 79 55 171 1 153 133 86 79 62 63 29 246 167 137 127 120 68 56 185 93 87 123 106 199 233 80 120 31 83 52 172 23 67 233 48 201 138 33 21 150 152 52 240 161 60 223 138 172 201 175 114 177 70 130 35 166 151 22 121 71 78 168 228 139 205 28 183 57 9 63 209 171 47 223 21 138 114 36 155 36 91 104 165 224 207 83
50 14 27 95 114 117 155 157 158 201 219 260 267 284 315 346 365 378 412 465 481 491 551 567 588 594 603 609 622 639 640 650 682 685 693 696 720 731 771 858 861 876 891 894 937 962 977 982 985 988 998 54 50 90 240 113 124 142 77 214 177 17 223 60 85 176 242 127 152 158 24 188 12 177 235 25 172 109 188 116 99 178 199 226 188 63 98 160 123 45 3 179 83 7 89 224 32 211 95 145 247
16 1 100 128 148 178 196 279 285 363 371 491 546 746 874 888 972 56 235 14 25 160 70 6 151 169 44 89 39 191 149 82 60
