150 13
82 1 4 12 14 28 34 46 57 63 97 98 105 152 154 167 171 175 207 219 251 253 254 271 281 285 315 364 374 387 392 397 404 409 430 443 446 459 460 469 486 491 500 505 524 526 554 568 575 593 598 639 646 667 669 681 686 697 705 721 726 727 753 763 771 780 788 799 833 843 844 850 873 876 884 891 921 934 947 948 960 965 973 111 59 130 130 115 112 101 131 8 72 141 132 129 6 83 39 145 109 0 49 142 132 33 100 15 89 91 149 139 6 64 36 145 107 69 112 51 38 28 79 84 56 4 66 58 81 64 107 77 98 22 121 66 40 7 30 84 99 79 72 94 132 86 149 109 124 135 92 67 107 26 26 141 106 126 124 127 147 101 131 74 47
75 17 44 50 68 85 105 133 134 164 172 174 195 197 202 203 212 223 230 236 246 252 255 262 280 291 293 313 317 318 320 328 339 359 405 407 415 425 428 429 430 453 465 536 552 565 577 583 585 651 654 660 679 696 711 724 756 757 759 761 791 794 801 817 842 851 855 883 885 931 933 936 945 955 977 978 72 148 89 64 46 2 126 41 149 81 113 24 113 79 10 112 49 104 119 32 45 16 121 92 101 5 110 3 54 58 87 134 51 10 67 97 132 77 133 111 144 110 121 149 57 118 75 96 31 85 39 8 78 31 132 18 10 32 110 14 40 129 42 34 41 48 45 78 140 145 51 130 12 81 31
33 55 85 91 99 106 113 120 241 341 350 390 392 437 438 454 529 543 573 584 621 632 635 642 680 691 759 777 889 913 928 929 937 988 0 57 11 111 83 43 94 34 40 70 66 93 52 79 1 24 15 133 55 24 125 26 11 87 33 131 8 2 25 28 92 45 81
36 3 77 105 130 160 166 180 200 205 257 281 331 357 375 396 411 412 417 425 458 476 507 528 544 586 613 681 704 769 809 863 888 937 945 979 998 129 61 122 55 84 31 72 76 45 97 105 122 75 109 58 77 8 137 97 139 103 88 56 39 133 57 148 48 32 60 144 21 40 147 148 48
76 4 25 36 50 54 63 74 75 102 103 105 129 136 142 156 185 196 204 206 208 223 240 250 298 302 323 382 404 406 411 414 484 492 505 514 546 552 573 576 614 638 639 641 646 650 652 671 674 722 724 727 734 739 761 765 768 782 791 795 816 821 841 865 869 886 902 926 938 939 940 942 967 969 975 985 998 102 145 133 9 75 114 140 70 92 106 7 82 51 36 115 69 92 10 11 139 81 25 17 29 101 14 53 52 139 23 48 140 119 140 32 28 101 50 76 86 60 44 114 147 12 76 112 141 82 30 40 147 66 80 55 60 1 109 38 46 96 121 89 50 2 89 146 7 10 93 102 101 9 131 65 25
53 23 76 113 114 186 205 214 242 271 326 328 344 353 370 385 387 393 418 423 440 499 501 534 554 571 585 586 589 603 613 668 690 728 742 743 753 754 756 758 793 797 826 832 836 842 843 846 863 876 899 919 962 994 30 35 121 26 48 38 132 49 68 86 130 3 8 131 60 93 28 69 82 62 40 102 9 116 51 72 34 56 63 64 121 65 137 104 115 76 59 26 61 48 48 58 38 12 70 88 62 77 144 145 146 31 125
68 1 10 17 51 52 84 110 112 132 138 160 164 172 231 239 259 260 266 274 311 318 321 324 327 343 348 391 405 411 422 425 441 450 471 482 487 490 512 522 562 569 606 611 631 639 656 658 659 675 678 683 694 695 701 715 716 745 757 782 787 793 855 867 894 929 932 938 987 76 125 59 107 76 119 128 141 26 91 118 23 136 7 47 17 27 69 96 42 25 14 138 86 135 129 111 29 86 98 47 50 41 128 42 58 28 99 5 61 61 77 18 119 4 2 13 125 131 74 117 78 139 21 24 55 37 129 111 63 74 28 75 85 32 75 25 31
34 29 60 123 207 214 222 312 328 329 335 367 392 393 403 404 428 455 491 499 522 581 585 630 656 687 718 719 841 844 880 883 919 961 997 83 81 124 93 83 9 12 43 66 35 84 6 88 28 81 104 0 58 89 1 93 69 77 132 58 115 65 49 107 121 57 74 84 3
19 95 100 142 187 296 541 595 606 676 683 716 726 742 765 839 856 880 930 985 37 98 58 56 135 7 69 63 18 59 40 111 26 61 6 143 27 100 38
35 23 46 95 120 135 142 168 240 271 280 296 320 336 346 349 359 456 459 460 560 570 618 619 627 629 665 699 715 759 892 902 906 920 922 993 32 53 99 1 18 126 142 81 26 141 36 127 91 42 121 133 133 128 18 60 75 66 58 87 48 137 71 130 72 111 85 102 103 94 28
33 19 43 47 70 94 134 151 165 171 212 235 281 293 294 315 365 437 450 501 663 700 729 734 753 838 845 855 875 876 892 947 969 970 134 67 74 7 121 75 77 59 105 5 122 148 91 100 15 64 121 14 84 53 93 125 58 30 85 65 83 32 16 29 108 146 107
11 135 246 364 403 485 652 665 873 939 946 995 1 27 15 134 55 132 24 133 66 32 119
51 11 22 38 66 81 97 116 124 127 159 211 231 236 239 240 259 272 284 326 343 391 392 439 489 521 527 536 570 572 595 636 640 673 703 726 776 788 789 817 822 830 847 865 867 883 916 937 946 951 952 953 8 138 117 27 98 148 111 67 53 88 75 46 23 144 74 2 25 81 118 79 94 140 99 25 38 12 27 108 102 105 37 142 78 148 8 83 58 70 47 20 38 47 75 80 107 52 17 49 143 130 95
73 39 40 71 86 104 126 136 195 198 204 218 241 244 246 255 264 266 274 283 285 300 320 321 338 389 395 406 409 414 433 452 475 491 492 497 518 530 541 546 550 554 573 575 593 628 684 703 707 723 734 745 763 769 780 782 796 807 842 850 868 883 900 901 907 914 941 947 949 958 967 972 978 997 59 71 140 142 83 85 62 34 147 51 129 29 120 132 69 67 19 35 30 111 0 77 133 3 25 26 141 139 91 20 120 125 122 115 52 37 95 33 26 72 4 131 25 71 47 30 19 75 60 8 117 1 147 149 133 97 144 137 71 109 89 31 120 103 26 64 78 97 52 109 141 40 62
