50 26
7 32 98 144 266 383 506 535 19 18 33 30 47 42 3
59 7 24 31 33 39 49 59 79 122 130 139 162 186 201 209 260 274 318 344 345 349 361 418 435 436 466 474 492 509 519 527 558 560 577 584 596 600 616 628 646 661 696 697 708 717 733 755 757 803 827 836 853 870 911 912 943 958 982 995 27 49 12 20 21 32 19 43 42 3 8 22 24 9 16 39 19 37 12 17 19 11 3 48 16 47 21 18 44 44 29 1 16 41 36 44 16 5 21 33 38 29 24 24 43 9 48 13 10 21 49 19 11 44 9 28 15 9 25
87 33 57 64 94 112 115 116 135 136 138 146 152 171 192 194 201 203 208 215 237 255 276 280 290 306 318 324 325 343 353 360 362 363 379 398 402 432 438 443 467 486 490 494 497 498 507 512 518 522 558 562 589 590 591 593 604 607 610 622 639 665 682 688 703 709 714 715 725 742 756 770 776 783 815 838 865 866 900 913 936 952 965 973 977 982 988 991 4 31 4 17 12 47 50 5 27 25 32 33 21 1 2 9 33 42 25 25 20 6 19 43 38 33 23 18 43 14 26 9 33 35 49 38 18 19 19 12 14 16 35 31 7 32 12 29 38 8 44 23 13 21 18 36 2 45 9 31 12 26 50 45 15 40 11 20 17 20 43 32 47 34 27 44 18 23 5 50 43 21 30 44 45 34 34
11 51 71 188 277 419 462 503 576 671 681 904 32 4 34 5 3 42 26 2 2 39 31
62 27 31 39 57 77 86 95 99 134 141 146 153 164 168 171 181 221 246 257 264 267 272 297 303 308 317 322 335 349 355 422 431 458 488 497 500 508 519 520 588 646 647 654 669 690 734 757 794 817 826 828 830 837 871 879 909 914 952 980 988 994 996 11 10 47 25 1 29 35 3 38 40 45 20 48 45 32 34 40 1 35 39 13 20 22 19 13 42 34 29 22 45 46 9 15 31 1 39 7 42 3 22 39 45 32 4 24 24 6 41 16 6 33 44 12 42 8 46 50 1 46 17 31 25
78 1 11 24 30 71 77 87 95 109 124 134 136 158 176 177 192 216 222 225 229 237 262 263 324 328 372 375 380 384 423 432 433 435 468 475 488 489 492 501 503 504 525 530 531 532 587 612 626 627 662 674 694 697 717 719 722 743 748 762 764 777 784 809 816 822 825 853 857 887 891 923 926 935 965 971 985 990 992 16 21 19 10 22 20 8 4 28 47 49 2 39 7 34 13 41 22 44 16 6 44 48 8 32 28 32 1 44 17 6 42 21 31 9 42 19 50 3 39 17 32 1 23 31 8 2 22 26 38 24 40 0 49 4 37 37 29 50 23 47 36 1 6 49 8 29 41 24 35 44 33 46 34 6 12 23 43
5 46 463 577 803 854 38 9 50 36 17
93 6 23 34 35 72 93 94 97 106 109 137 153 158 171 180 182 194 203 214 220 224 230 283 285 295 311 320 324 354 361 372 374 386 397 400 407 409 410 414 423 432 433 454 457 477 483 488 489 536 543 556 629 639 658 666 680 683 685 686 698 709 715 743 746 754 755 757 764 768 769 778 781 788 794 846 863 864 871 877 878 894 906 915 929 930 941 958 965 970 982 985 990 997 15 31 24 18 35 24 10 1 4 27 33 7 11 22 2 3 36 16 16 34 38 28 38 34 30 46 49 9 9 3 34 17 8 50 25 34 40 26 1 18 13 30 21 2 47 27 13 36 20 5 0 38 19 50 27 34 36 25 40 19 47 4 18 4 2 39 50 41 10 20 41 48 42 38 22 18 18 22 9 42 5 8 11 4 27 27 38 33 15 21 10 5 31
49 96 119 149 166 193 197 203 236 244 247 264 271 290 307 308 311 336 354 362 376 377 400 420 440 456 519 552 573 589 601 606 631 660 690 694 711 722 742 745 759 779 799 820 878 920 949 960 979 981 25 33 10 12 24 31 2 12 13 32 14 37 26 18 38 38 29 19 42 1 29 7 28 29 46 8 6 19 10 22 29 9 40 41 18 36 46 30 23 35 22 41 28 32 8 28 8 24 8
30 14 97 126 151 165 229 284 332 337 369 523 545 556 606 623 629 720 760 772 775 786 792 835 926 930 951 961 981 987 991 34 24 47 41 4 31 2 4 26 9 3 4 49 28 7 41 12 34 15 29 3 39 49 14 12 37 22 16 25 28
25 19 23 90 97 126 143 157 279 296 310 313 350 377 382 463 503 507 524 587 744 747 865 882 928 961 46 46 14 40 15 2 49 12 25 25 35 33 47 16 14 24 30 44 2 13 2 26 38 27 39
72 13 21 29 39 53 56 57 59 71 87 90 94 102 119 157 175 178 179 185 198 216 248 280 285 287 289 295 296 306 313 347 351 354 357 384 396 414 430 437 455 484 491 509 526 527 547 550 572 585 614 642 652 671 680 684 696 731 754 755 788 818 819 826 903 921 944 955 965 969 977 988 999 43 33 11 42 45 0 7 10 45 11 45 34 18 17 49 29 26 39 44 31 20 28 23 37 30 7 11 26 50 31 49 14 10 9 42 6 41 45 21 47 19 42 27 47 27 23 18 46 16 45 5 25 33 42 13 43 8 50 43 42 20 31 12 47 43 6 33 1 25 48 20 12
61 8 53 72 117 156 164 169 183 203 210 227 240 242 248 308 311 312 372 380 390 397 415 417 421 450 471 489 491 495 503 504 527 558 566 569 572 672 690 699 723 740 778 789 792 800 808 821 823 839 841 857 876 886 887 903 912 916 951 965 992 996 0 42 22 30 13 19 6 26 40 38 45 41 39 23 19 19 5 3 34 37 44 41 9 43 48 41 0 49 44 20 23 16 41 7 48 46 1 45 2 38 19 42 17 46 49 2 40 30 24 42 30 36 50 2 31 16 0 7 18 28 34
68 27 36 48 50 52 54 75 90 100 114 135 136 151 157 165 172 197 209 210 215 273 287 294 349 374 377 394 409 424 425 453 457 507 511 514 531 545 547 553 555 594 616 642 652 666 673 684 701 716 778 796 798 812 831 832 835 842 851 878 896 918 922 927 934 935 939 947 986 17 34 48 21 17 17 34 17 12 16 1 36 38 5 31 18 35 9 41 43 7 1 26 13 11 49 35 27 9 38 36 7 12 48 15 41 42 11 42 7 30 24 0 30 30 44 22 4 0 20 41 23 21 34 45 2 20 17 50 37 32 6 17 8 33 31 5 7
98 14 36 37 45 53 55 65 86 87 99 115 128 137 140 166 176 185 202 203 218 222 224 227 231 252 254 276 279 324 362 375 398 403 406 412 413 451 452 456 472 474 487 489 498 500 503 515 516 546 552 553 567 568 573 584 596 604 614 620 625 628 653 677 685 687 691 712 725 731 740 748 749 768 782 783 802 803 804 805 818 822 842 845 851 853 855 864 891 909 939 961 974 976 980 984 985 987 990 33 11 4 26 40 10 14 27 21 22 10 42 32 43 33 5 45 41 36 31 9 8 1 17 28 31 0 19 34 7 5 29 33 16 9 17 48 45 20 21 45 49 44 24 0 10 35 8 34 45 49 9 19 20 46 11 21 36 22 9 9 36 41 24 2 43 35 17 18 48 48 37 31 14 35 41 50 47 48 47 24 39 33 43 38 18 36 39 13 24 47 43 44 40 36 3 16 27
11 213 339 386 416 450 474 619 663 772 820 883 16 39 23 8 16 42 38 17 11 48 47
86 8 16 26 44 73 77 86 88 91 94 98 129 149 153 164 174 189 201 232 249 264 270 280 285 315 321 346 350 351 356 370 376 396 405 415 422 435 440 451 460 465 476 481 490 514 542 546 554 562 571 589 590 596 599 618 622 650 652 676 681 696 699 704 709 732 752 760 791 804 827 841 867 873 875 889 905 924 943 947 953 965 977 986 987 991 993 8 19 26 18 1 33 34 24 36 20 30 0 6 14 15 6 20 41 6 34 44 50 7 42 40 26 11 10 33 48 15 22 35 39 5 26 6 26 47 24 40 34 9 1 18 16 12 0 21 40 21 17 41 15 10 16 32 3 31 11 33 46 40 22 39 19 14 1 4 18 7 18 43 35 33 24 50 0 24 46 17 30 17 48 40 6
22 8 14 110 125 196 234 360 370 405 439 465 468 546 548 612 691 692 831 887 955 962 965 16 11 44 41 4 28 49 26 27 30 34 44 6 29 34 43 23 3 12 30 49 38
9 68 163 341 540 694 742 761 804 936 17 9 24 12 2 35 45 11 22
57 25 28 36 41 100 103 121 193 210 218 240 245 274 280 288 294 310 314 320 329 340 358 375 376 379 419 449 453 456 491 521 529 542 555 564 571 576 613 624 628 630 677 699 701 716 727 747 759 760 772 813 824 829 892 924 928 931 8 30 13 7 44 22 18 9 16 3 30 6 31 19 25 49 34 7 32 18 19 34 43 45 0 48 45 5 28 10 24 35 33 35 39 16 37 18 45 11 17 32 37 33 5 42 42 1 48 44 7 46 34 33 18 8 26
81 9 19 26 43 45 57 72 77 82 94 97 108 117 126 129 144 153 159 180 189 205 218 251 270 279 284 316 322 344 351 353 360 406 419 423 429 433 438 449 454 465 477 492 516 552 559 565 585 595 619 631 634 643 646 654 656 704 711 722 728 737 750 760 765 766 777 785 796 804 821 836 845 848 870 872 881 896 905 911 925 985 30 15 36 20 27 5 48 44 17 19 38 19 34 16 42 7 4 34 4 12 11 37 47 18 11 31 50 20 17 4 4 41 6 1 3 8 32 26 6 43 38 6 26 2 22 48 48 1 25 42 9 49 49 18 13 29 37 24 50 15 14 7 14 45 12 23 24 3 46 22 11 34 1 10 38 1 3 28 12 48 45
38 80 109 191 202 232 233 234 285 295 296 351 407 480 489 541 568 590 618 681 724 746 758 771 783 804 808 833 841 849 852 862 866 870 888 898 916 945 952 15 37 43 7 3 43 8 31 31 12 15 49 50 7 31 22 46 8 40 22 30 26 6 20 41 17 36 21 50 43 33 25 32 45 26 40 43 20
80 11 13 23 42 44 45 59 64 76 81 94 96 100 112 116 119 127 133 148 161 173 190 191 250 256 289 315 335 337 350 351 357 370 373 375 378 382 390 395 410 426 437 454 457 463 480 498 502 530 535 546 549 550 553 560 579 582 586 618 646 670 671 712 715 719 750 766 788 811 847 854 887 909 914 951 952 977 981 992 994 22 15 29 45 44 23 29 41 20 36 35 14 33 13 18 11 29 25 48 19 26 2 23 23 9 8 6 49 21 29 0 16 5 44 11 30 19 36 11 5 3 48 20 19 41 49 5 21 13 20 21 33 21 43 10 33 39 4 26 27 14 27 43 31 29 6 13 19 49 37 31 34 5 27 40 41 34 16 3 6
84 22 64 72 77 82 84 86 95 123 138 156 159 166 171 190 201 203 205 217 218 225 231 235 245 253 254 275 301 314 339 345 346 358 384 402 409 432 460 469 475 481 509 517 520 530 561 577 582 590 604 612 642 658 691 716 735 740 784 811 818 820 832 833 834 853 854 857 863 864 876 879 886 899 912 941 955 956 958 965 972 975 992 996 999 11 35 30 15 50 1 3 29 8 7 11 15 21 41 27 49 13 1 3 50 5 6 6 35 42 44 15 10 42 20 16 4 2 33 16 41 7 41 2 14 46 43 21 8 43 45 18 49 47 26 46 3 28 25 44 11 36 30 40 14 5 27 48 20 19 6 40 39 35 43 7 25 19 3 8 16 19 40 41 22 30 16 32 16
29 51 64 112 236 303 325 364 370 397 403 407 427 438 499 501 555 584 606 608 639 749 799 802 808 840 901 948 967 983 44 12 29 17 35 12 50 42 17 7 7 1 37 45 35 16 42 25 17 11 20 24 1 21 1 26 47 27 14
59 2 35 53 87 94 97 103 133 150 159 169 180 183 184 193 194 211 215 231 240 244 246 261 265 267 281 328 334 380 394 403 414 440 489 502 508 523 537 557 578 603 635 650 711 736 789 829 837 853 854 882 892 896 899 901 905 971 986 988 21 42 2 48 28 20 15 22 39 25 19 45 29 25 22 21 37 16 18 7 25 15 44 35 23 16 27 21 17 27 8 2 30 27 32 17 18 38 48 12 44 37 44 24 35 29 7 28 4 37 4 29 40 4 49 48 11 32 15
89 5 50 57 60 79 98 101 103 113 177 190 198 199 208 209 210 213 231 236 239 242 253 261 262 270 280 282 288 296 321 343 355 359 370 373 378 382 390 413 427 429 433 453 463 467 468 470 484 487 492 500 505 517 528 544 553 555 559 562 564 613 624 627 628 629 666 674 696 704 722 740 742 766 773 780 790 825 826 834 845 861 863 888 897 900 901 914 957 971 18 24 34 28 3 40 32 16 49 49 41 33 27 6 16 28 41 17 5 43 48 27 0 48 45 31 50 28 25 19 13 23 48 38 41 48 40 9 28 26 3 28 34 27 5 36 44 42 9 44 40 0 20 8 34 17 46 37 45 40 34 14 43 46 47 42 39 31 4 20 1 37 19 11 4 8 9 47 46 38 4 20 26 40 18 21 22 16 29
