50 39
23 46 91 121 132 209 218 227 275 298 348 497 535 597 607 699 765 823 828 855 866 889 971 980 48 41 14 50 5 20 15 31 36 7 4 49 35 12 3 46 19 48 3 20 25 40 17
85 23 31 51 53 54 55 58 79 81 114 116 127 131 138 140 144 152 163 171 205 218 222 223 253 267 276 293 300 306 307 316 320 324 336 348 365 378 381 393 413 420 424 444 451 455 461 478 498 512 516 523 529 538 550 554 566 583 585 592 597 615 619 626 647 672 701 705 741 784 791 797 798 806 807 830 857 873 874 910 913 921 944 962 978 992 14 10 46 36 40 27 45 1 10 27 3 10 34 24 12 20 30 48 28 14 23 7 33 5 36 4 50 47 26 20 10 31 35 23 32 33 23 14 11 41 50 15 27 18 27 49 14 1 13 44 26 28 28 23 13 31 21 5 30 7 30 41 49 43 39 14 29 4 47 11 10 9 13 34 3 46 1 24 46 26 25 26 10 39 44
23 129 229 279 381 388 415 507 537 564 585 649 670 676 775 792 836 858 906 913 915 955 961 999 19 43 31 46 40 6 12 22 37 2 12 6 47 14 30 22 1 48 22 30 20 37 22
100 10 28 49 58 66 70 90 96 125 132 134 141 147 159 162 190 204 217 218 227 229 241 256 257 261 268 287 310 336 342 350 361 367 370 372 388 391 398 403 423 429 439 450 453 462 479 485 516 519 527 556 558 567 571 577 580 591 592 630 636 640 649 650 682 694 695 696 714 716 717 725 735 739 748 756 773 776 778 785 794 835 855 863 883 889 893 894 901 906 925 933 934 936 966 970 976 979 987 991 995 47 20 29 19 41 19 45 5 15 50 7 19 15 30 6 28 18 15 6 24 45 29 21 46 18 31 39 35 14 19 15 26 39 22 47 38 21 24 15 16 1 25 35 28 21 3 11 35 32 44 43 34 6 6 14 24 10 32 30 7 42 12 44 2 17 35 2 6 14 26 22 44 26 10 19 24 8 39 20 46 34 25 17 19 4 31 16 5 38 9 8 48 16 32 36 11 33 8 45 7
13 98 99 266 285 352 368 370 510 723 772 863 911 997 40 22 10 20 34 15 27 23 40 10 32 18 37
51 11 53 57 60 83 107 110 135 146 173 198 237 269 270 273 281 313 318 366 380 397 404 411 475 493 522 568 605 609 618 619 634 719 740 750 758 787 798 829 831 832 844 867 870 879 903 932 963 972 973 986 39 8 14 30 32 29 0 41 32 18 17 42 26 24 24 44 25 11 16 10 47 22 38 0 37 0 10 38 24 27 42 39 29 11 26 19 27 46 29 46 50 6 5 11 16 22 28 48 47 23 8
96 7 8 40 46 53 63 66 68 83 90 99 103 105 108 145 146 179 193 206 217 245 268 276 287 290 298 311 317 326 335 336 338 341 354 363 364 383 411 412 423 456 469 471 473 482 486 503 524 547 554 582 591 594 596 601 626 640 643 645 656 667 680 688 696 698 725 729 737 749 755 756 762 776 787 793 794 826 835 837 839 845 850 859 862 885 893 905 927 938 945 949 954 971 974 981 995 37 19 43 8 16 49 2 15 14 5 12 37 16 18 11 27 24 24 18 42 39 19 13 6 26 45 13 21 5 17 6 45 43 22 10 10 31 44 21 12 4 10 15 48 19 12 28 6 38 25 18 47 44 42 26 23 9 2 35 18 42 19 25 14 36 32 16 21 3 39 20 10 9 19 39 16 27 46 49 31 1 29 18 39 36 43 21 7 1 32 37 12 9 11 22 44
16 28 37 117 156 226 236 290 297 391 483 612 619 689 808 974 996 32 50 1 46 36 30 47 45 3 19 15 5 38 18 29 12
53 3 14 28 50 52 64 74 83 108 225 258 263 278 295 334 348 353 359 389 402 419 467 505 537 562 572 582 585 586 627 630 643 644 658 659 701 719 742 745 775 786 805 809 815 817 818 821 827 829 893 942 977 985 29 0 36 34 42 35 21 47 38 42 38 44 43 27 15 47 12 1 23 16 36 42 43 35 9 20 7 38 43 27 6 19 41 48 50 1 7 2 3 11 12 18 32 7 36 27 20 14 42 48 11 44 45
75 14 17 25 29 31 32 63 88 100 126 138 163 172 174 180 189 190 199 203 210 232 236 242 261 263 284 291 298 302 313 323 331 346 347 392 397 401 417 442 476 485 500 516 523 525 541 564 577 585 593 616 621 624 644 649 661 669 682 690 703 712 737 750 785 796 797 799 801 834 837 862 912 981 985 997 33 6 8 45 34 16 17 20 41 23 8 0 14 23 43 5 35 32 15 33 41 27 8 46 7 37 28 19 40 15 1 36 41 2 49 25 22 7 23 33 27 25 35 18 44 9 16 27 9 43 46 10 13 26 49 6 41 3 25 8 26 20 15 10 19 10 26 28 40 49 27 7 9 36 24
94 5 6 11 12 18 29 37 41 43 83 97 111 114 122 123 126 132 141 159 167 171 177 209 227 234 247 271 274 278 282 300 319 321 322 327 330 332 336 340 345 355 379 382 391 400 426 441 452 468 490 492 496 506 521 533 535 546 552 555 562 563 570 578 585 607 610 618 623 632 640 648 670 671 676 691 697 712 729 750 754 763 791 856 862 893 895 898 908 921 923 960 966 971 984 10 7 29 42 18 26 15 13 28 6 18 14 42 44 33 23 4 13 44 12 45 21 2 35 23 36 34 23 0 47 39 11 13 33 14 42 24 12 19 2 46 3 17 45 26 43 40 24 37 19 15 45 10 18 40 3 4 3 15 2 50 29 39 0 46 6 10 44 26 43 15 50 35 5 39 39 15 26 21 48 40 39 35 48 47 6 25 40 17 44 23 23 44 13
46 8 23 35 55 58 106 227 236 251 265 281 290 294 317 328 329 364 388 442 449 457 481 495 541 543 556 572 574 580 583 584 587 610 624 632 701 718 749 764 779 795 820 833 891 899 965 37 1 36 33 2 32 19 4 42 27 29 24 45 43 35 22 6 0 50 46 30 27 6 17 9 30 47 13 47 16 38 36 8 8 5 50 28 45 16 30 8 35 18 41 0 29
25 14 108 154 174 181 201 202 265 331 341 358 419 441 455 491 526 634 739 891 895 930 942 972 992 995 28 25 48 20 3 10 10 1 0 44 28 21 2 20 48 27 32 11 48 0 50 24 23 37 39
45 25 26 57 66 75 77 92 105 135 158 166 170 229 280 335 341 359 394 418 422 431 442 473 492 508 511 512 513 562 641 657 676 678 685 707 734 735 761 803 838 852 892 913 927 930 34 5 19 14 7 2 30 14 0 10 49 1 13 4 1 42 26 13 35 45 5 8 24 17 2 0 34 24 22 13 30 2 41 25 31 29 22 23 35 43 49 16 18 31 2
91 2 25 32 33 61 63 85 118 136 153 165 170 204 212 232 243 248 253 256 285 288 328 350 359 365 371 376 379 386 397 403 407 411 424 426 428 443 447 457 464 475 482 518 529 546 548 550 571 575 577 588 592 602 604 621 622 623 663 672 681 705 727 728 733 741 745 747 751 755 757 764 785 789 804 805 828 864 867 872 874 903 911 920 940 947 969 976 977 981 993 994 34 19 30 27 23 10 5 2 50 17 1 34 27 13 8 23 0 22 41 1 8 24 42 3 20 9 43 28 30 24 0 36 13 10 15 19 4 10 23 3 36 14 31 26 2 24 10 13 30 50 21 30 45 28 14 29 9 2 21 28 14 23 36 44 48 49 36 12 30 8 29 25 43 14 3 14 42 33 0 25 14 4 22 48 12 45 44 31 43 19 30
48 2 5 21 31 39 57 126 167 169 189 212 216 336 340 395 415 421 427 473 475 501 538 545 561 609 610 614 625 661 680 685 705 731 749 757 790 806 824 827 835 844 898 908 942 954 958 976 997 48 9 9 38 10 29 43 44 23 41 35 12 40 16 31 21 42 32 15 1 18 41 18 38 43 8 37 8 31 27 21 5 15 6 13 0 42 17 26 13 15 48 48 24 33 18 5 44
47 3 11 41 44 59 75 97 104 115 123 139 150 180 207 241 256 257 272 314 332 351 374 425 454 481 484 489 506 591 617 658 667 683 688 756 770 780 785 838 867 869 891 902 905 935 944 949 50 49 8 6 12 10 8 36 10 49 38 21 41 36 42 4 35 8 24 36 12 26 1 36 44 32 1 11 26 14 28 42 48 49 39 30 17 6 21 13 15 4 19 28 5 50 33
87 6 7 8 33 38 39 49 54 69 91 128 139 154 156 174 176 207 220 224 239 242 259 260 268 276 277 294 303 315 319 340 345 354 374 377 397 398 404 428 431 434 457 471 473 482 491 523 524 539 578 593 644 647 659 663 667 669 696 712 732 733 734 742 769 772 783 789 791 798 813 818 833 859 862 868 889 890 903 920 923 924 926 950 952 962 969 985 9 46 25 4 33 43 28 0 37 7 22 34 38 12 34 10 15 25 46 17 3 45 48 10 23 35 38 9 46 9 43 21 44 27 14 26 41 12 19 17 16 48 14 45 43 3 25 46 0 0 35 2 24 43 7 18 36 32 16 9 32 46 43 4 1 33 30 37 27 12 26 16 27 21 31 4 4 27 21 3 37 36 45 9 38 35 6
93 46 69 76 126 130 147 151 163 167 169 189 200 234 235 241 242 246 252 265 282 292 295 309 311 316 322 329 336 339 346 347 353 377 381 386 419 429 447 455 473 494 498 507 528 560 580 604 605 623 649 664 669 670 684 695 697 713 716 728 731 732 733 736 748 758 766 774 784 800 810 823 830 838 840 844 847 850 853 864 867 892 904 906 907 930 932 933 951 952 955 963 967 989 30 45 7 5 18 42 34 41 47 40 13 14 50 2 49 36 36 45 23 9 32 45 26 47 50 38 28 20 11 36 10 48 20 36 15 26 41 31 11 28 5 11 20 45 41 8 3 27 41 46 50 3 5 43 11 10 16 50 42 8 6 42 10 25 17 22 15 29 16 15 38 44 19 9 9 31 50 39 32 29 13 1 16 4 18 40 8 6 38 21 26 26 23
20 37 71 80 84 124 136 235 258 319 618 657 688 731 734 738 767 771 837 950 999 26 28 48 26 22 46 41 30 11 32 10 49 1 1 20 4 36 22 46 44
86 6 9 15 27 37 40 47 57 64 65 67 79 86 90 93 94 102 107 122 163 166 188 198 221 227 241 248 260 281 305 315 317 333 359 360 371 383 396 406 438 440 462 470 480 483 507 510 521 548 556 565 579 601 611 636 642 646 670 678 680 687 713 728 735 748 770 772 774 788 793 805 830 835 853 860 879 888 893 894 905 912 918 919 951 986 994 18 34 48 33 6 48 6 32 23 45 25 48 10 49 22 24 46 3 29 5 45 47 13 12 3 25 0 3 2 31 48 39 30 22 50 9 50 43 13 0 2 12 47 50 50 49 47 39 44 35 47 42 32 43 49 44 32 2 6 27 18 7 38 4 14 44 8 33 27 28 0 46 22 10 21 49 41 8 47 15 15 15 36 45 27 20
81 5 6 13 28 29 37 61 71 94 116 124 128 138 141 154 162 172 177 189 195 209 242 248 252 270 278 291 295 306 308 310 342 349 362 386 392 398 416 430 461 462 476 496 499 506 507 542 544 550 551 555 566 568 602 611 612 626 659 665 682 691 694 721 722 747 757 779 780 818 819 859 888 898 929 934 945 946 955 963 973 986 24 10 25 23 16 31 0 9 1 41 48 4 1 50 21 22 6 48 28 35 29 41 45 46 1 34 34 32 12 14 40 3 17 12 47 34 13 49 11 11 31 24 49 11 7 15 38 20 8 45 20 3 44 1 20 0 32 8 47 1 3 39 29 34 43 31 47 24 32 23 43 50 37 2 35 8 43 39 29 2 40
60 53 65 67 75 88 94 113 130 159 168 172 173 191 199 203 231 235 253 255 271 306 308 313 316 339 354 384 407 433 436 451 474 483 494 545 557 565 575 634 640 656 683 684 688 704 747 748 775 781 803 818 846 873 886 907 919 953 955 959 981 28 50 3 47 11 33 13 37 20 31 18 19 19 30 12 35 10 2 27 1 44 39 5 11 5 42 8 14 44 17 42 40 0 44 12 4 24 9 25 14 33 18 35 45 12 47 16 10 44 37 30 31 37 2 44 29 29 39 32 34
48 3 48 68 85 106 117 156 163 167 193 218 227 234 246 250 260 322 348 399 408 433 450 470 478 482 486 498 587 591 601 615 625 658 666 672 763 768 771 803 871 897 920 950 969 980 986 992 997 33 39 28 38 8 13 1 18 17 10 22 50 16 19 14 39 43 5 50 13 33 31 34 31 14 32 19 48 37 6 33 17 34 36 14 45 8 47 23 0 38 16 41 23 42 15 47 3
62 1 20 47 57 74 85 86 110 113 132 134 136 151 172 174 183 190 203 223 228 237 255 278 299 304 307 326 327 339 364 379 396 458 478 507 511 560 570 588 625 708 711 713 716 740 741 766 767 773 777 782 827 858 874 894 901 914 935 937 951 965 966 13 5 32 46 44 9 41 23 36 48 10 28 39 12 37 32 11 45 24 44 10 21 9 17 40 16 43 4 12 18 22 14 27 19 31 41 50 44 37 19 45 28 10 25 40 37 24 19 12 28 14 48 39 43 40 7 28 2 22 35 16 32
46 8 10 15 27 116 164 165 187 201 221 266 281 310 358 381 383 419 454 465 469 473 482 483 533 547 585 628 639 652 655 671 682 707 743 768 791 820 848 849 869 877 906 919 962 992 996 15 32 16 34 34 39 27 13 21 37 49 44 18 47 50 11 25 36 17 39 38 9 29 24 0 6 0 33 40 13 49 31 17 30 43 4 4 12 18 11 16 36 44 37 27 20
48 11 44 68 83 104 132 149 151 264 291 300 308 351 352 368 412 459 493 498 501 511 528 537 577 584 618 649 654 661 663 677 698 701 718 735 776 777 787 807 828 832 833 852 856 907 912 913 921 27 16 44 26 15 1 3 17 33 43 46 33 9 26 24 50 5 17 27 41 35 25 30 40 15 14 41 22 17 36 18 0 31 14 43 41 43 38 5 20 31 4 6 0 12 46 41 47
79 17 20 55 76 81 105 124 129 151 152 157 163 176 179 183 192 200 219 227 266 269 275 279 295 298 322 368 372 412 427 428 430 441 445 457 475 477 489 490 493 504 526 555 583 585 586 596 599 600 604 607 626 649 717 735 759 772 774 775 779 782 786 792 815 823 837 842 876 878 896 899 903 907 933 934 943 951 961 991 14 15 45 40 43 48 24 5 27 43 38 35 36 40 10 16 49 3 46 41 20 11 7 50 13 2 3 18 49 21 25 21 13 26 24 21 39 35 14 29 14 10 13 1 45 43 10 19 0 35 49 20 23 45 38 30 44 40 44 23 9 7 14 3 13 26 3 26 40 22 4 29 24 50 50 38 27 5 7
20 6 7 9 82 116 118 178 195 244 384 399 451 592 628 739 861 879 934 963 967 38 44 42 10 41 31 10 12 5 44 28 27 33 27 27 25 29 16 42 6
24 42 49 70 93 178 213 227 351 380 425 447 477 525 561 590 640 692 704 748 779 876 893 930 967 28 33 3 50 15 10 23 23 9 10 39 36 45 28 18 30 15 46 40 19 19 49 27 23
25 38 60 77 86 143 148 186 275 299 392 400 443 621 638 648 665 703 779 811 813 869 892 899 919 940 11 39 47 24 10 17 26 39 20 18 43 3 30 23 35 27 19 19 14 1 19 41 38 25 11
79 39 73 87 98 121 139 148 153 168 180 188 198 200 204 210 244 258 274 276 278 285 296 311 318 352 365 366 372 375 378 394 416 425 449 460 463 473 475 487 504 521 535 536 555 556 583 598 610 611 637 647 654 656 669 670 698 703 724 729 730 731 732 735 767 775 780 783 802 833 897 899 901 911 913 936 942 955 966 978 30 49 14 13 25 34 29 41 42 46 3 14 0 14 46 25 19 28 10 23 12 3 31 32 31 33 20 31 22 35 42 48 34 43 12 36 29 32 22 23 20 5 35 50 34 39 35 40 18 38 44 20 29 31 14 5 29 3 32 10 0 26 18 14 47 15 50 35 23 26 39 32 18 48 29 40 0 15 25
9 11 143 415 543 600 734 759 814 918 43 25 19 49 34 49 3 28 22
85 2 19 23 46 70 75 86 89 96 102 107 110 113 118 132 144 145 146 170 173 176 190 191 211 220 221 223 232 239 243 255 275 280 296 309 345 355 373 398 406 407 419 420 424 425 428 441 456 473 474 489 519 561 573 581 592 598 608 613 619 634 662 684 741 747 756 759 770 771 775 794 830 832 848 853 854 870 878 886 913 914 935 944 955 988 49 31 50 49 18 46 38 41 4 37 9 11 45 17 47 0 15 17 0 15 8 36 11 34 44 49 8 47 32 42 46 26 11 49 19 8 48 43 3 20 4 0 23 7 1 48 15 35 50 16 24 49 45 26 36 22 42 28 34 13 26 19 20 16 12 24 30 32 30 3 25 40 21 4 23 7 32 9 44 13 18 39 21 3 44
40 55 58 113 122 147 164 165 215 224 310 314 330 332 388 414 448 458 470 498 499 519 524 527 576 581 599 614 619 628 643 733 786 805 827 856 896 912 923 931 973 41 17 16 35 12 42 21 1 46 23 20 9 16 1 20 11 11 21 21 27 16 1 46 50 34 19 40 35 30 37 12 34 24 28 20 35 20 43 39 23
16 16 75 101 107 178 306 329 344 369 376 531 561 695 839 908 974 22 24 35 27 39 21 43 3 17 49 7 35 24 30 20 10
59 9 14 25 35 100 125 128 133 143 146 175 197 215 236 250 309 316 317 329 339 354 412 428 455 459 486 487 521 524 532 543 548 558 562 593 616 624 630 643 644 649 657 659 670 684 689 714 731 734 760 855 863 887 926 927 941 958 962 994 49 32 30 49 13 19 40 38 19 23 10 33 10 5 8 6 40 49 47 43 48 49 21 38 11 23 10 25 8 7 13 22 47 14 11 35 49 4 6 25 44 44 23 21 19 0 4 41 43 27 20 40 23 39 37 26 2 43 28
77 11 18 31 46 53 54 74 78 87 133 148 151 158 173 177 204 206 216 221 223 243 246 248 267 280 287 294 298 314 316 325 326 340 353 385 427 429 431 439 446 449 467 473 515 523 533 568 574 585 599 609 615 632 633 657 690 692 694 704 712 737 783 793 815 817 821 842 857 867 875 896 904 905 955 956 970 986 11 12 46 8 3 30 3 40 18 37 4 39 4 8 40 27 39 15 33 38 20 46 45 43 35 1 10 7 26 25 4 30 7 22 27 43 1 12 10 4 10 26 28 12 45 26 23 37 49 13 23 43 1 23 40 37 49 13 46 28 39 6 8 13 43 12 8 6 33 32 42 17 9 31 49 34 9
11 52 139 171 296 467 547 629 827 886 977 985 40 11 9 4 11 40 1 37 30 7 32
91 1 24 46 50 55 59 64 65 68 76 85 108 117 124 132 140 141 143 171 173 174 175 187 191 197 203 207 210 219 224 231 254 272 277 278 283 295 306 307 316 324 345 353 382 394 412 414 421 422 437 451 466 495 502 509 510 511 522 530 543 544 545 552 563 633 657 681 690 722 733 734 752 758 765 774 801 820 830 851 864 896 926 929 946 956 961 972 975 983 988 991 29 29 11 44 48 44 43 2 21 13 27 17 11 8 19 9 2 38 47 4 28 19 9 18 21 30 16 36 31 8 39 24 32 27 38 8 40 45 34 20 23 47 38 45 19 2 5 13 46 50 10 3 4 42 22 1 46 12 34 44 17 19 7 22 15 13 4 12 6 33 9 43 1 35 50 41 30 16 21 41 40 8 26 14 37 46 37 25 5 16 9
