50 13
47 37 57 71 100 251 259 266 315 316 321 340 398 437 464 482 484 493 544 553 571 578 579 613 618 629 632 642 667 674 693 698 740 756 758 782 788 812 833 834 877 889 921 926 931 932 940 941 44 10 16 50 18 7 49 10 3 45 41 12 11 40 27 32 3 24 27 37 1 15 13 38 47 16 29 34 8 33 9 44 22 15 6 48 26 41 33 14 50 1 39 3 39 5 28
51 11 46 68 76 87 108 170 203 210 226 265 296 318 325 362 397 403 409 446 469 486 488 489 509 528 530 537 548 579 594 599 601 606 666 685 773 795 802 811 836 848 871 883 901 907 949 952 972 984 993 997 4 28 11 45 0 12 8 33 15 34 16 39 30 38 42 48 14 25 11 0 33 14 50 7 2 8 30 35 36 13 22 38 28 31 42 35 12 24 28 5 15 5 33 42 8 24 42 11 15 50 13
1 99 36
80 8 28 63 86 102 103 119 146 148 151 171 176 183 200 205 214 239 257 268 278 295 306 314 319 323 329 333 348 361 384 410 418 453 462 463 465 482 511 515 521 522 531 536 551 558 606 620 624 627 641 651 655 664 668 672 688 696 703 716 720 727 763 771 774 778 779 789 797 813 836 837 839 846 859 864 868 883 923 924 963 50 43 40 19 46 45 26 9 8 34 5 13 43 49 1 16 12 46 32 48 8 36 15 7 7 3 26 27 40 26 13 26 5 27 21 29 13 0 48 30 49 16 0 10 41 13 9 7 5 25 44 46 20 14 31 37 14 18 29 24 29 15 47 50 20 30 3 29 6 41 13 11 33 15 17 14 4 50 3 45
82 7 57 60 61 76 78 81 88 90 107 108 109 130 146 165 172 183 187 203 204 222 237 243 244 252 286 293 311 325 341 357 364 374 404 430 436 445 502 504 509 511 512 537 542 549 574 582 591 592 603 612 642 652 690 691 696 725 737 750 766 768 791 797 810 811 820 842 846 852 893 898 909 912 914 926 927 934 943 953 971 978 979 13 17 34 5 48 35 20 31 9 14 3 49 11 23 38 31 43 20 44 21 0 29 24 1 42 4 7 5 8 34 11 15 32 38 50 9 35 30 7 3 4 43 31 4 19 6 24 32 17 22 2 4 40 11 3 3 39 43 7 50 38 24 12 35 12 35 15 33 31 6 26 16 43 9 31 2 28 19 21 43 16 35
47 12 34 57 83 91 98 139 168 173 221 226 248 254 293 299 322 347 348 366 406 407 413 433 436 460 492 515 533 542 552 556 559 560 595 632 641 658 675 765 852 854 918 939 956 963 974 996 28 0 8 46 14 11 19 21 32 14 36 14 48 27 19 31 9 20 28 16 16 3 45 0 4 25 44 6 41 48 2 49 19 18 6 35 49 13 5 39 13 38 43 25 17 17 22
17 28 31 71 291 354 360 388 400 422 432 475 559 603 656 753 858 934 40 7 49 1 28 27 4 21 1 39 19 16 6 20 40 26 44
25 104 129 239 241 311 337 363 417 434 445 538 557 642 651 665 670 699 716 777 827 835 891 949 958 964 27 45 37 7 48 30 20 33 36 49 4 24 8 40 21 32 30 34 4 46 3 38 21 5 11
18 198 232 256 259 479 525 544 601 648 700 702 719 750 837 851 861 874 957 9 26 37 33 17 24 48 27 20 44 47 19 33 12 26 14 46 38
57 6 30 59 64 73 82 87 101 105 127 134 164 197 198 252 253 267 271 276 303 306 332 340 351 355 382 385 442 464 477 488 509 537 549 580 601 609 610 630 635 647 652 654 681 793 829 846 888 890 911 918 919 937 958 962 967 994 2 7 2 32 22 1 44 17 13 21 47 1 14 6 20 34 35 19 45 1 27 22 27 15 47 3 2 20 11 29 24 12 45 1 13 17 32 16 3 18 20 24 25 43 44 40 5 23 42 36 13 31 23 9 45 16 17
17 142 285 300 334 340 355 396 401 442 484 489 513 557 777 826 867 880 25 19 41 20 38 3 47 25 22 16 33 14 47 46 0 33 37
55 16 21 32 76 114 124 180 181 200 206 217 306 308 334 341 353 359 405 409 423 457 466 480 490 497 550 551 561 564 576 587 591 607 610 629 633 641 660 668 714 722 757 767 833 838 878 892 899 901 903 917 942 976 984 990 47 6 32 2 0 42 47 6 50 13 18 20 32 33 37 34 48 13 28 22 23 40 37 8 17 46 33 43 40 38 49 47 45 47 48 48 7 6 10 8 16 16 22 11 16 47 3 2 36 35 2 10 10 48 29
49 19 26 65 69 130 146 161 184 195 209 278 307 317 325 331 333 335 372 381 390 404 428 479 480 485 491 523 525 559 567 586 614 669 678 684 691 708 740 777 779 787 839 851 869 879 890 910 952 999 16 17 18 31 5 14 12 11 50 38 2 3 8 23 14 18 26 34 36 33 29 37 43 30 33 6 1 29 19 40 11 0 27 44 1 33 35 2 19 8 44 32 42 30 40 26 36 0 26
37 1 42 52 96 99 190 208 226 333 348 349 361 365 384 385 414 492 508 530 585 613 618 625 627 663 713 733 747 847 864 925 935 955 972 982 985 988 49 42 20 35 23 14 31 4 6 19 47 35 18 15 5 42 40 45 8 2 47 46 34 44 23 46 7 27 29 6 24 17 30 14 17 32 42
