150 52
73 24 26 36 56 72 81 98 104 108 115 121 137 179 184 198 200 211 229 238 239 259 280 291 297 305 317 336 356 377 380 388 448 460 472 496 506 517 524 548 582 585 596 633 638 650 664 675 685 688 701 709 710 724 730 733 760 774 781 782 788 795 803 804 866 884 885 901 907 943 944 985 991 997 45 147 52 74 149 124 144 78 39 114 6 133 0 0 107 74 18 142 97 141 115 137 42 128 130 94 121 124 47 61 47 128 33 62 103 69 72 115 62 62 96 46 28 135 110 56 104 60 88 79 105 113 63 119 73 67 31 15 63 39 137 8 5 126 14 83 52 146 50 120 130 80 137
24 14 74 82 102 181 220 319 325 335 375 439 505 547 550 553 664 680 728 802 815 834 853 867 983 8 81 2 122 108 133 116 123 145 109 44 133 141 130 140 137 109 121 141 138 52 146 47 137
31 109 132 151 211 231 279 299 323 372 397 398 404 405 437 450 485 489 500 520 539 602 614 624 657 702 759 775 802 837 899 998 150 42 62 146 147 35 4 63 119 121 145 2 38 25 7 100 146 138 18 117 127 23 89 87 104 115 26 31 47 137 19
59 5 20 28 42 46 50 62 95 99 103 112 147 154 179 198 209 225 226 255 280 317 322 333 366 368 374 376 411 421 436 443 462 464 497 564 590 592 647 662 680 698 701 731 735 750 755 770 779 802 864 865 910 916 921 930 948 973 978 996 126 46 36 106 81 141 142 71 8 94 54 103 139 20 23 118 43 42 11 116 2 76 16 143 85 28 67 135 4 129 84 135 120 22 3 142 113 78 127 58 139 138 83 132 103 109 94 60 21 85 96 46 149 134 22 94 15 105 111
68 6 16 29 35 64 72 76 77 80 86 147 154 158 170 176 177 302 307 340 360 370 378 382 394 398 430 463 498 503 517 532 548 553 557 563 579 584 606 614 620 651 666 667 684 693 697 703 725 730 754 770 775 795 803 807 827 853 854 864 880 903 910 915 945 947 955 959 970 62 73 61 69 98 49 63 125 23 141 104 53 59 48 118 95 104 88 60 74 68 19 18 26 56 70 118 58 85 78 13 63 23 115 96 120 146 5 139 148 23 31 101 43 63 51 77 13 27 24 129 114 127 14 102 74 19 84 117 109 21 136 45 102 32 109 5 25
76 8 11 32 43 46 47 73 81 100 133 144 157 158 160 165 187 188 190 212 236 254 261 265 273 275 281 314 319 325 354 359 395 397 399 409 412 442 458 466 485 489 499 501 524 537 540 563 571 587 605 617 628 654 655 666 671 684 702 781 805 806 813 814 827 852 868 883 893 907 918 923 946 962 990 992 994 7 54 19 142 5 31 80 138 23 48 86 75 57 104 54 37 74 28 72 71 127 15 5 139 24 87 148 141 149 128 58 135 146 104 98 113 139 112 111 139 78 71 143 143 117 106 29 16 51 104 106 57 150 113 107 120 23 107 150 40 72 108 17 107 13 76 133 105 39 114 83 109 102 128 70 53
88 5 20 24 43 69 124 158 197 207 222 239 244 246 249 252 279 285 288 295 306 307 309 312 314 336 340 366 385 392 402 430 431 437 452 457 476 482 483 496 504 516 525 532 533 549 559 562 571 573 587 597 606 620 629 645 648 650 668 674 680 690 701 709 744 775 787 790 807 813 826 832 847 854 857 859 862 866 879 902 908 948 974 976 978 983 984 994 995 81 147 135 78 20 110 47 54 122 135 150 148 46 101 110 79 138 80 100 13 145 27 106 62 67 65 57 4 17 55 58 112 143 129 68 84 70 3 0 90 125 116 84 0 69 7 53 103 83 71 46 41 11 50 36 53 65 115 21 65 14 15 38 109 60 31 15 29 130 90 143 5 88 57 32 1 19 49 40 105 129 115 60 118 63 139 137 70
35 32 38 40 51 84 95 168 178 193 208 218 255 319 350 367 418 423 427 439 553 659 666 715 716 774 776 778 792 808 835 839 882 949 956 998 80 17 111 60 23 39 100 92 120 103 129 59 121 50 50 84 39 98 22 143 6 101 141 110 11 145 140 35 145 42 42 14 126 81 140
46 13 30 42 50 64 72 105 120 157 163 172 182 195 199 201 236 260 280 298 310 325 328 333 370 389 395 417 480 485 533 535 585 617 701 718 732 737 761 782 790 840 907 911 939 948 982 100 71 101 3 79 114 15 43 86 78 96 93 69 53 100 129 120 123 120 26 124 126 9 86 81 123 136 146 86 131 116 21 81 150 98 18 125 83 97 20 137 105 27 35 1 45
81 37 38 39 40 67 98 99 119 125 161 178 179 181 194 203 219 224 258 271 289 293 296 298 331 362 393 405 407 411 412 423 425 428 450 471 489 509 512 513 524 531 548 562 574 582 595 608 627 636 671 694 713 715 717 721 723 732 736 740 746 748 751 753 767 779 811 829 832 833 850 860 879 896 898 910 920 923 937 969 972 994 87 127 108 9 138 122 85 40 32 33 84 18 59 49 89 2 9 97 95 131 133 26 59 123 82 139 21 51 30 78 1 13 48 39 34 99 83 150 117 3 25 89 98 118 90 82 59 26 44 125 121 37 24 37 63 98 71 89 55 18 83 28 65 114 88 47 83 60 121 139 141 82 59 116 15 29 39 18 12 21 96
64 14 17 36 58 75 87 95 109 121 137 185 193 198 201 204 237 248 298 313 322 330 356 360 361 364 373 378 390 404 409 419 444 448 458 467 480 526 537 542 567 588 601 616 624 666 693 710 728 730 745 757 803 806 829 837 847 853 874 892 902 929 978 981 985 92 107 96 17 92 70 8 90 128 85 93 59 20 18 40 106 114 10 98 133 28 104 137 104 104 148 5 80 147 15 129 60 109 118 63 24 115 64 101 89 2 73 34 96 77 146 25 9 130 28 124 60 121 114 99 130 97 54 136 135 130 93 49 40
95 25 36 47 49 59 69 113 118 119 120 141 144 145 162 182 190 194 223 230 231 234 238 251 255 263 288 291 300 329 331 359 369 388 412 418 428 432 456 462 463 474 479 509 513 517 521 529 539 540 556 557 566 579 604 606 626 630 634 640 641 644 651 655 669 684 724 727 745 754 756 763 782 805 814 819 823 826 831 839 850 852 854 862 868 872 888 891 917 925 926 953 954 969 977 986 28 102 95 125 146 93 63 122 58 88 122 37 81 26 93 13 90 139 141 41 121 75 18 20 35 44 148 144 120 65 60 15 13 70 84 51 18 139 43 134 107 49 53 126 91 75 134 82 129 130 75 30 130 108 34 137 86 115 1 15 22 13 43 71 91 56 41 77 108 67 122 38 113 53 47 125 88 60 137 75 139 131 39 135 79 95 43 118 14 12 5 55 145 11 14
33 27 52 117 127 164 185 194 241 288 289 317 339 340 343 380 395 433 439 446 606 628 674 721 735 752 762 823 829 842 851 912 972 975 121 109 46 38 8 126 98 65 139 137 42 104 65 30 100 144 30 8 24 15 11 113 81 76 22 98 0 76 9 89 33 5 48
76 1 3 7 21 29 32 33 39 88 91 111 116 129 134 144 168 188 192 218 226 235 276 286 289 298 342 357 360 361 367 370 398 399 411 458 467 468 471 473 475 476 480 483 504 505 525 567 571 582 593 600 616 618 622 637 709 717 728 734 750 770 776 778 815 823 838 864 868 891 920 937 940 960 965 969 981 122 45 20 81 103 25 4 103 127 125 15 92 8 56 141 127 103 119 96 126 30 30 123 80 108 95 40 107 39 5 106 52 3 36 135 101 100 74 139 136 37 101 80 31 33 77 50 144 27 3 37 136 95 71 128 146 43 137 55 122 105 0 122 6 105 33 123 128 12 110 121 90 22 20 93 75
19 55 68 77 141 194 234 266 309 315 362 476 533 563 616 840 876 925 956 963 41 62 132 37 56 79 34 43 135 113 146 82 34 100 33 31 45 104 50
88 2 22 41 93 95 101 130 131 135 153 157 162 184 189 193 202 217 225 230 236 239 246 259 260 266 274 284 298 299 332 335 339 344 345 351 392 394 401 432 438 449 454 469 480 481 493 557 561 566 572 578 586 597 623 639 640 654 659 663 677 683 687 725 765 771 778 786 788 796 802 803 811 813 836 837 843 853 867 868 869 872 875 918 920 952 953 971 976 65 10 10 75 124 59 137 43 12 130 5 132 77 3 96 110 106 60 26 7 110 118 36 38 48 96 145 56 38 0 87 107 140 17 72 26 12 40 103 55 17 50 100 144 110 77 70 84 79 97 32 32 43 140 127 60 21 60 48 37 142 45 25 40 105 128 13 1 79 104 70 1 13 102 49 38 133 130 112 14 24 23 51 70 146 28 62 2
3 70 430 528 79 74 14
9 61 80 115 344 367 519 712 730 984 12 12 59 57 30 84 88 22 117
2 83 987 119 142
67 17 27 28 33 34 46 88 92 98 121 174 178 205 210 218 232 242 244 259 264 280 294 320 337 338 347 360 362 379 382 397 454 457 472 494 501 505 509 510 542 553 577 627 645 670 706 726 740 751 756 782 800 808 827 828 832 850 859 860 869 873 977 978 983 985 997 998 108 150 5 15 109 25 139 86 76 84 63 71 18 16 116 126 6 99 122 72 104 63 42 7 11 55 89 143 14 93 70 71 5 133 148 6 137 132 149 101 60 140 143 60 37 76 74 22 102 0 6 135 48 10 77 26 102 91 35 108 37 112 17 74 111 2 79
16 103 162 210 287 359 393 403 457 466 514 521 622 628 762 924 957 119 6 56 77 128 47 3 26 99 139 144 48 10 66 101 18
13 4 6 19 26 96 245 282 645 657 715 741 830 957 138 113 10 31 58 102 46 79 74 115 18 124 22
79 5 31 38 42 47 68 69 74 79 98 110 120 158 172 178 180 181 193 195 207 229 232 237 239 255 258 263 296 298 314 315 320 335 386 391 392 448 451 499 501 526 529 545 546 547 565 577 630 634 670 680 682 687 690 694 698 714 733 738 745 747 755 756 760 765 772 776 804 848 873 880 884 886 926 929 943 947 980 995 116 70 19 89 131 72 34 59 62 135 131 57 1 78 79 141 59 25 55 116 28 54 32 18 107 60 23 52 122 126 50 60 15 106 135 59 15 93 33 34 98 66 13 61 43 64 146 73 129 14 132 58 76 141 73 6 120 51 23 150 111 13 107 81 17 75 37 77 45 99 145 73 26 5 123 129 8 5 51
12 23 33 60 186 209 238 267 306 482 684 915 958 110 138 113 16 70 75 63 0 80 13 139 40
73 26 58 73 75 133 139 165 176 179 180 201 214 216 223 239 273 277 280 289 290 295 304 312 313 334 350 371 406 425 431 469 481 519 525 544 553 560 562 578 579 586 611 616 635 641 670 671 685 706 711 719 728 742 749 753 769 771 777 806 820 825 845 850 856 858 878 887 896 897 920 957 977 997 116 4 58 92 134 12 88 19 144 101 110 54 8 96 52 124 138 93 47 92 35 108 38 24 69 118 41 25 141 39 108 143 30 99 144 135 149 45 37 6 63 17 72 145 135 120 116 141 26 40 44 125 86 41 146 49 50 99 124 32 11 47 27 86 33 17 37 13 140 133 120 80 48
72 15 16 34 46 67 76 116 125 143 152 161 187 192 195 197 219 233 257 258 268 286 309 318 329 360 367 368 382 414 448 453 465 472 477 483 508 529 561 564 618 621 662 672 684 685 694 695 707 714 728 735 740 769 774 776 812 823 826 830 843 852 861 870 872 874 882 904 909 919 928 988 990 131 59 97 150 52 125 57 58 115 13 110 117 109 37 110 37 25 66 78 90 15 139 39 3 91 36 61 17 41 36 56 1 12 11 25 123 14 44 139 78 120 66 97 71 106 52 136 48 42 92 52 52 33 52 134 114 96 93 80 121 8 150 107 121 6 71 18 89 122 9 86 53
76 3 14 31 47 70 88 97 98 99 111 115 127 131 136 142 165 189 215 226 245 288 291 294 297 302 324 333 380 404 434 445 451 457 485 498 517 531 533 539 547 574 576 581 598 614 620 644 646 663 688 697 700 728 738 774 792 805 818 851 861 870 895 897 903 904 905 909 912 919 930 938 947 974 978 980 982 18 106 112 127 113 136 38 17 27 90 67 109 14 108 142 144 3 97 137 14 75 32 115 117 148 43 102 74 75 20 138 37 139 57 148 63 137 149 112 128 66 110 12 51 108 126 142 12 148 118 23 71 101 63 92 86 68 40 105 125 139 8 94 87 112 145 102 134 93 32 36 114 50 105 127 106
94 2 17 22 63 79 83 93 111 114 121 140 146 153 183 190 191 202 211 220 261 277 279 292 294 316 346 352 369 378 379 389 390 391 395 448 479 494 495 501 516 519 532 536 547 557 559 594 595 596 597 606 609 612 614 626 650 661 673 693 694 702 745 749 769 778 793 802 810 815 824 836 843 856 860 864 893 895 897 903 904 905 908 910 924 930 935 940 955 957 962 971 982 994 997 64 32 140 82 118 110 58 96 11 12 13 75 38 116 54 68 12 115 89 89 86 46 77 12 32 48 96 2 67 11 97 65 7 31 141 82 149 30 35 109 138 149 3 144 129 63 118 62 85 134 143 40 72 150 38 63 100 132 15 71 16 105 7 17 21 34 103 17 101 104 114 55 8 138 111 59 95 91 39 77 58 10 25 76 76 2 21 111 123 18 21 82 39 84
30 22 42 69 126 256 258 265 370 389 392 396 523 528 560 577 612 625 684 712 732 770 773 855 867 873 887 954 960 974 998 125 115 119 81 107 137 150 123 61 17 142 44 96 62 144 10 126 37 115 98 32 76 146 102 138 47 53 86 138 97
13 171 209 264 320 380 459 527 579 608 633 680 800 970 130 34 12 133 116 18 101 127 101 54 117 35 121
7 2 260 699 764 851 852 952 120 62 74 65 98 70 51
28 60 69 131 139 158 162 187 222 229 297 308 312 345 362 403 472 485 501 562 597 637 677 732 743 761 798 942 980 11 28 114 75 21 51 149 84 117 75 40 64 79 62 29 33 42 113 35 37 0 72 122 106 30 111 114 120
20 85 132 183 287 340 379 455 458 531 543 557 638 690 801 854 867 878 881 884 974 70 73 127 39 34 78 71 92 113 6 112 37 1 70 109 102 57 32 56 36
13 102 173 239 243 290 399 781 844 876 877 924 967 984 53 44 79 125 145 74 143 134 43 84 111 147 117
9 46 245 484 648 654 774 837 929 952 8 0 126 73 146 148 67 41 80
10 20 168 217 242 276 326 567 707 813 837 60 138 116 12 30 23 134 85 56 147
8 57 168 198 662 743 933 966 993 122 55 28 115 79 61 47 14
89 20 38 43 44 52 56 61 80 95 98 103 116 126 133 143 148 153 172 175 182 184 186 197 203 204 211 214 215 223 229 239 261 283 284 286 295 313 318 340 349 368 377 384 385 417 443 470 514 517 525 553 560 562 574 583 589 607 627 628 632 640 653 674 687 730 735 748 749 769 791 794 804 829 834 837 840 856 857 872 877 878 909 910 911 937 973 979 980 984 138 19 14 49 73 134 143 50 42 67 92 85 97 97 46 102 120 135 22 140 78 93 101 61 73 59 15 109 59 114 12 122 94 25 2 122 130 49 38 76 4 7 48 120 71 121 4 55 77 56 41 89 75 74 136 61 123 30 35 10 21 10 37 142 78 148 126 82 35 13 113 106 121 87 93 91 47 104 102 66 17 86 40 111 129 64 77 86 69
14 125 137 226 335 395 485 578 665 711 731 742 803 883 959 3 84 146 83 145 128 86 3 135 150 15 30 10 69
19 68 117 181 224 255 381 398 448 523 547 555 686 721 811 834 879 905 980 982 70 108 4 47 65 117 118 145 10 56 20 51 25 12 7 47 140 123 40
92 15 27 29 32 35 37 38 42 44 49 69 72 86 91 99 106 173 180 181 199 219 225 227 231 249 254 255 306 315 326 331 336 338 343 347 355 363 393 413 421 430 434 451 453 457 484 494 498 512 536 538 555 567 569 571 575 591 595 603 619 626 646 649 674 676 693 701 706 731 759 775 779 795 799 800 805 813 820 831 833 849 856 875 892 896 905 931 965 967 971 973 994 52 85 106 132 2 34 119 33 11 26 125 37 87 148 137 132 89 89 22 73 1 79 19 74 43 21 35 31 19 104 54 38 128 49 81 124 116 63 107 51 11 44 145 30 149 125 145 105 72 8 15 43 33 15 3 36 12 126 1 75 37 13 85 83 66 72 149 67 119 147 98 96 122 125 126 5 22 82 11 101 33 55 34 66 43 119 37 88 0 4 85 55
14 54 72 88 193 291 458 481 492 500 629 645 651 770 918 37 44 7 77 5 103 94 120 36 62 141 146 39 78
92 7 24 32 40 53 55 65 74 76 84 118 124 132 137 157 166 178 185 196 198 199 223 227 232 260 267 274 296 319 320 329 332 334 354 358 388 403 406 418 428 438 464 485 500 505 506 511 516 528 542 549 567 569 575 576 578 588 594 595 606 608 619 633 638 651 689 695 711 737 741 750 784 789 791 805 812 814 825 827 837 858 865 870 876 878 887 924 929 958 961 962 991 99 99 108 6 7 43 21 83 141 79 57 106 97 105 69 101 28 62 32 20 12 90 113 14 18 61 84 126 12 109 109 136 90 32 21 122 96 125 9 16 3 48 13 90 90 128 79 37 107 35 146 36 49 110 27 20 35 118 124 94 111 98 98 8 78 142 126 36 16 21 102 79 43 48 58 85 37 55 21 32 102 5 72 107 65 97 90 94 91 89 86 124
50 20 124 143 176 194 224 232 255 304 306 328 331 344 356 357 395 411 461 463 498 512 531 532 539 578 608 639 659 663 667 685 688 690 709 712 736 745 758 774 783 803 806 822 827 890 891 896 909 917 937 130 37 138 53 36 119 56 111 125 137 72 17 39 123 102 102 117 125 48 64 62 142 87 21 6 114 3 123 126 77 115 22 42 124 57 88 91 134 88 59 12 53 146 11 138 40 102 89 118 120
97 19 29 35 52 59 68 71 73 74 90 103 104 105 131 148 176 207 210 229 242 243 246 255 275 295 298 326 347 379 404 405 415 423 431 456 461 467 468 471 476 482 491 494 503 508 529 533 537 552 554 557 568 569 581 582 596 608 611 619 627 636 654 655 662 670 682 698 715 722 730 760 765 811 813 822 825 831 856 861 878 884 894 904 906 919 920 924 932 940 954 957 961 963 965 972 983 999 40 72 3 77 107 92 10 8 85 4 126 9 89 63 24 86 41 112 79 13 135 99 99 92 41 45 19 74 50 3 38 44 135 93 125 27 44 118 93 57 120 78 148 125 98 113 44 56 38 61 2 73 88 108 111 96 137 126 81 103 20 38 82 103 58 32 28 136 119 145 92 51 34 31 30 147 66 58 108 67 114 119 9 137 85 25 16 113 127 40 47 16 143 12 131 145 27
59 23 65 68 77 143 154 166 176 198 200 212 214 223 246 280 286 295 300 304 334 347 356 373 391 400 401 419 422 432 442 445 446 485 492 498 499 539 547 586 621 622 644 648 673 704 714 722 740 743 754 755 756 757 826 864 887 898 970 994 126 102 37 122 31 19 146 104 37 49 6 5 11 107 142 48 91 64 87 84 57 118 52 56 46 84 120 0 114 76 98 52 141 91 109 128 91 57 70 86 99 134 64 46 48 78 46 36 137 103 45 145 18 116 131 91 24 6 7
43 40 69 106 108 118 190 205 214 222 233 238 284 305 310 332 337 364 403 414 437 456 513 526 575 625 631 677 704 713 718 736 751 754 758 790 819 844 856 881 905 914 930 933 1 115 94 50 74 85 28 125 139 62 105 107 102 105 61 42 72 112 38 139 9 118 108 36 36 19 89 116 125 142 125 126 61 40 92 72 128 85 60 11 81 29 88
52 1 5 14 43 65 68 92 104 118 119 121 159 197 221 226 238 241 248 288 300 313 317 394 455 456 488 504 519 536 539 541 583 595 609 619 646 710 747 758 763 795 797 807 856 862 864 867 875 917 934 946 982 72 149 79 32 90 130 139 90 99 134 49 67 109 149 132 48 101 92 132 113 90 24 50 119 37 87 78 99 114 134 18 105 134 88 119 90 146 45 58 0 125 149 91 62 1 128 23 97 102 14 35 44
24 116 198 236 243 288 297 306 361 602 605 612 626 633 778 779 815 818 866 867 909 912 929 991 996 124 5 47 72 36 6 143 47 13 40 3 78 2 54 80 47 65 104 135 61 146 10 78 134
45 26 29 40 54 88 113 149 152 170 190 200 227 245 251 256 259 273 382 412 415 421 469 494 500 513 526 534 541 548 563 584 613 649 661 666 689 742 752 777 779 839 856 863 881 971 117 66 94 67 150 58 131 92 38 115 13 147 41 131 65 116 138 35 74 111 35 106 113 90 92 22 80 25 0 128 103 48 142 37 110 22 57 29 12 111 102 16 132 65 135
56 4 27 36 38 88 89 91 100 112 125 154 155 199 234 243 274 275 287 301 328 333 372 382 389 425 454 458 529 538 562 575 622 624 634 648 649 651 666 673 689 724 749 771 802 803 832 854 882 893 915 925 927 941 965 981 994 119 146 28 117 91 31 65 1 5 28 68 117 97 146 14 65 11 72 149 134 6 10 30 14 138 113 145 75 21 83 101 117 48 34 105 89 26 117 118 11 60 121 52 120 4 22 84 137 146 35 70 111 10 18 118 83
44 2 10 43 80 86 94 96 123 144 169 175 188 195 197 226 247 259 277 341 369 467 486 545 561 564 581 583 601 606 628 671 676 683 705 716 728 738 752 758 781 882 893 935 974 9 9 90 30 73 47 135 60 56 103 133 135 61 83 41 43 3 4 103 51 11 133 66 118 23 15 123 78 5 49 149 19 130 119 7 60 146 91 91 110 110 22 52 50
21 40 148 196 251 274 277 354 449 473 491 522 629 659 678 723 733 785 796 829 852 899 111 148 19 5 14 76 85 101 39 115 104 137 14 142 13 86 93 0 45 49 21
