250 13
71 19 36 59 71 89 112 122 125 136 142 152 169 177 186 209 232 234 236 265 290 296 304 306 347 365 370 373 378 425 457 483 492 506 511 538 544 547 548 555 569 583 587 603 627 658 676 694 718 735 736 750 753 760 787 797 806 810 822 848 849 860 863 875 927 932 933 953 962 972 974 988 179 182 31 62 38 31 161 201 108 148 10 203 155 222 157 241 140 109 112 98 75 130 169 86 167 5 217 179 121 156 146 1 247 51 93 145 77 152 12 141 229 52 53 115 202 80 28 45 207 236 58 161 45 117 132 46 217 45 214 1 174 192 3 104 136 150 73 163 26 43 127
60 17 42 46 82 121 125 131 147 179 207 209 233 237 241 258 270 280 286 302 337 350 356 402 410 413 414 415 443 448 451 483 509 533 536 544 556 567 569 570 583 629 676 680 702 719 749 760 769 777 795 834 839 844 869 878 914 922 971 978 985 127 230 82 198 190 219 138 153 201 24 186 10 122 161 67 61 143 236 131 61 247 148 76 100 13 60 143 129 17 215 111 136 138 153 123 6 52 41 23 197 234 82 116 206 211 43 53 73 227 193 245 113 43 121 68 114 205 85 207 141
71 7 29 62 77 79 83 85 88 89 107 109 111 131 150 162 211 241 268 292 294 303 304 314 317 320 369 379 438 453 473 488 496 498 515 521 542 558 569 573 583 605 635 670 678 693 718 726 728 743 771 777 798 800 802 817 820 837 839 843 847 907 932 960 971 981 983 986 987 988 992 998 64 218 180 188 209 113 74 100 124 128 192 43 176 15 31 214 182 203 128 48 187 77 178 150 155 142 103 86 33 54 225 93 50 52 239 178 160 14 241 144 222 40 46 194 208 171 203 42 34 134 56 221 82 102 192 42 47 232 85 83 49 73 54 36 109 89 11 211 151 167 205
95 3 8 28 40 50 51 56 61 86 89 97 98 100 107 114 127 131 179 197 205 215 233 253 270 290 295 336 351 361 369 377 388 391 394 399 402 430 431 432 452 458 464 468 471 497 504 517 532 533 544 555 574 581 598 600 605 644 666 673 682 687 695 708 727 741 752 761 769 783 790 792 805 811 819 832 838 843 856 857 889 900 901 903 911 924 935 949 959 965 971 979 988 993 994 997 214 92 218 131 199 138 210 121 242 206 67 147 11 144 121 52 93 191 32 66 174 41 247 233 180 221 36 78 136 190 96 164 45 84 128 35 206 147 127 76 212 220 68 53 55 82 132 154 100 244 180 227 144 67 135 112 43 36 230 18 13 208 224 241 138 198 112 206 8 185 7 165 110 120 140 157 79 50 179 111 210 12 118 219 165 99 161 194 53 64 125 124 102 159 164
71 20 21 36 40 48 49 79 84 111 126 143 163 198 210 220 237 247 257 262 267 274 280 296 301 315 319 328 335 357 380 451 462 466 468 549 568 570 571 588 622 640 654 672 686 696 698 702 711 723 725 728 730 745 777 780 786 789 801 819 824 843 852 857 876 900 910 911 919 925 943 964 81 127 129 75 149 231 146 85 81 149 79 182 198 249 186 247 70 76 19 172 27 97 74 137 225 86 80 25 222 83 62 61 9 237 75 104 202 148 237 17 7 239 205 223 180 192 93 5 244 202 5 133 64 179 13 181 57 63 28 205 171 235 122 70 60 135 15 210 45 109 35
7 177 268 368 441 819 892 925 144 94 206 146 47 150 160
16 59 60 62 186 333 419 548 691 727 776 807 817 832 833 911 927 236 0 202 175 248 137 129 53 43 112 150 104 79 187 111 91
60 42 58 71 86 120 125 132 141 144 166 181 197 198 213 246 252 273 313 328 348 355 360 362 374 413 430 434 444 446 498 502 517 534 568 595 618 638 648 658 662 690 692 696 713 787 791 809 813 824 837 840 852 902 908 909 915 959 962 966 993 106 30 203 47 140 6 214 43 45 91 121 218 222 159 152 74 29 230 235 201 138 73 155 191 23 202 41 19 38 16 179 76 221 165 150 20 177 222 60 204 243 249 205 139 173 235 245 17 56 13 105 21 170 96 62 144 169 17 187 99
81 10 26 34 35 42 45 62 71 74 82 95 124 130 133 140 144 149 172 173 190 191 201 203 222 227 231 240 247 251 258 274 277 282 299 314 354 363 364 372 406 437 452 454 465 480 484 495 515 524 525 530 541 599 603 617 623 634 639 651 657 664 706 736 766 770 777 783 785 789 838 855 867 875 885 888 904 918 935 939 957 982 62 164 205 207 113 29 155 91 83 13 236 56 28 137 54 47 179 39 210 40 216 136 204 49 224 80 12 63 38 219 64 117 41 206 249 2 57 55 203 95 106 207 110 186 160 141 10 71 137 43 83 233 154 240 197 227 27 118 201 124 232 119 231 67 72 126 77 29 9 80 245 166 37 116 113 175 150 232 138 79 9
82 15 16 39 55 72 80 82 84 91 93 103 137 138 147 166 180 183 186 189 206 207 239 251 257 261 276 280 296 304 312 335 337 346 355 371 373 392 406 414 417 436 438 445 464 470 472 515 543 559 560 593 605 608 636 639 658 659 661 662 708 710 718 744 748 756 769 785 807 811 820 833 847 860 901 906 922 942 960 964 980 982 992 215 221 191 48 133 130 242 169 27 76 194 237 166 209 227 153 181 212 31 47 221 27 57 222 180 231 177 245 149 135 42 182 19 40 55 58 205 115 36 131 110 151 176 19 108 177 162 247 112 206 60 75 228 177 129 59 220 212 28 113 107 53 192 94 133 70 48 127 92 5 157 147 241 10 143 218 1 187 139 248 42 146
59 11 12 15 25 26 69 84 108 113 119 124 128 151 155 175 182 193 196 270 273 277 301 303 320 324 326 327 375 378 391 425 441 454 488 501 505 508 518 530 546 561 582 597 638 660 675 699 705 734 748 755 783 797 860 904 907 927 948 963 187 7 12 208 46 129 195 3 108 20 224 71 15 38 174 1 77 232 36 166 228 152 22 70 95 111 152 30 13 85 222 27 190 24 98 173 208 162 55 22 138 140 176 231 125 148 170 210 139 206 87 100 198 238 186 207 231 211 76
94 2 14 19 29 49 63 71 82 94 96 102 118 133 139 162 166 170 172 211 216 217 219 224 237 239 279 284 293 297 318 323 348 356 358 364 388 389 420 423 434 437 444 447 453 457 471 474 478 479 514 516 520 530 534 536 540 557 568 580 582 612 616 617 658 667 673 681 685 693 708 722 745 769 771 776 777 792 805 807 827 841 849 858 876 882 916 923 925 929 931 937 970 971 989 39 188 12 223 230 60 157 54 100 196 141 48 2 126 132 226 193 215 77 247 156 208 129 67 35 168 184 183 12 226 110 168 214 4 244 52 160 212 98 7 118 69 178 219 178 27 202 70 200 177 90 6 65 179 12 117 204 159 118 35 163 49 98 130 196 110 66 7 99 172 69 248 12 202 221 165 244 166 123 27 187 223 237 70 163 120 240 181 161 63 230 16 153 60
88 3 15 20 23 25 60 63 77 88 95 97 118 145 148 150 155 157 160 172 204 234 237 254 268 269 284 285 293 299 307 311 324 341 365 367 369 370 372 375 376 378 387 395 401 412 414 420 439 449 459 461 478 481 495 507 514 534 535 536 556 563 581 613 644 665 667 699 701 707 709 721 726 737 751 752 763 764 831 838 854 878 920 940 957 960 974 986 996 102 10 179 178 246 163 50 108 213 4 208 170 192 182 209 195 109 79 169 71 108 91 96 42 106 234 249 235 29 15 141 195 12 128 92 150 232 168 146 85 9 86 46 169 164 44 239 140 225 124 209 11 84 43 134 88 36 222 58 91 41 148 218 80 89 120 111 34 166 125 180 26 163 125 37 225 250 16 151 172 54 200 165 163 162 122 157 115
69 48 63 73 93 99 110 116 127 137 140 142 145 156 180 184 194 195 198 210 216 238 254 266 295 297 318 323 327 329 351 368 393 400 450 465 481 494 508 528 529 534 539 540 558 568 570 591 627 669 670 671 677 681 708 738 755 757 758 774 780 812 818 823 828 836 922 927 956 965 104 48 228 157 38 14 126 168 185 96 57 202 142 0 133 207 174 234 244 177 213 194 70 24 244 150 163 150 212 131 101 160 201 247 98 173 244 191 82 108 118 159 192 47 66 42 211 186 146 193 250 145 232 76 57 224 8 191 161 178 166 117 153 104 25 168 121 156 162
