208 40
98 4 20 26 32 38 39 58 60 75 78 94 96 103 111 114 118 135 144 145 147 163 195 202 208 219 234 237 241 257 290 308 312 327 343 344 354 358 360 361 369 383 403 407 413 418 420 428 454 456 469 471 473 482 491 496 505 520 537 544 548 549 550 555 561 569 580 595 618 645 648 651 657 689 713 714 750 752 767 786 794 798 799 816 849 851 856 858 869 876 899 934 939 948 959 967 975 992 995 192 192 192 192 192 192 192 192 192 192 192 192 192 192 192 192 192 192 192 192 192 192 192 192 192 192 192 192 192 192 192 192 192 192 192 192 192 192 192 192 192 192 192 192 192 192 192 192 192 192 192 192 192 192 192 192 192 192 192 192 192 192 192 192 192 192 192 192 192 192 192 192 192 192 192 192 192 192 192 192 192 192 192 192 192 192 192 192 192 192 192 192 192 192 192 192 192 192
17 97 155 276 297 311 374 386 562 575 656 701 703 789 832 910 911 986 146 146 146 146 146 146 146 146 146 146 146 146 146 146 146 146 146
67 1 4 7 12 22 63 92 105 109 128 137 153 154 156 173 186 213 220 222 223 224 257 263 267 281 286 311 339 354 363 382 396 435 443 448 466 475 502 508 522 549 559 568 574 606 610 616 650 688 707 723 737 746 776 785 790 800 802 805 811 815 841 901 903 905 961 965 100 100 100 100 100 100 100 100 100 100 100 100 100 100 100 100 100 100 100 100 100 100 100 100 100 100 100 100 100 100 100 100 100 100 100 100 100 100 100 100 100 100 100 100 100 100 100 100 100 100 100 100 100 100 100 100 100 100 100 100 100 100 100 100 100 100 100
13 42 68 95 98 197 338 409 548 648 683 688 924 981 90 90 90 90 90 90 90 90 90 90 90 90 90
85 17 26 30 35 44 61 86 96 107 113 115 127 152 156 170 178 185 187 192 204 209 221 223 230 233 251 253 256 267 273 286 287 303 306 314 317 321 322 326 348 367 374 385 401 402 403 408 409 426 432 479 487 500 503 552 557 570 587 604 621 631 638 639 646 650 662 674 708 721 724 741 745 750 759 776 794 826 831 832 833 894 913 928 935 989 31 31 31 31 31 31 31 31 31 31 31 31 31 31 31 31 31 31 31 31 31 31 31 31 31 31 31 31 31 31 31 31 31 31 31 31 31 31 31 31 31 31 31 31 31 31 31 31 31 31 31 31 31 31 31 31 31 31 31 31 31 31 31 31 31 31 31 31 31 31 31 31 31 31 31 31 31 31 31 31 31 31 31 31 31
63 11 12 21 40 49 69 83 85 91 145 157 168 184 195 204 221 231 232 248 253 259 268 275 276 284 291 298 303 312 317 337 353 378 395 402 427 454 462 484 504 555 564 575 579 595 598 599 615 622 662 753 774 827 831 842 869 875 888 932 940 954 967 994 56 56 56 56 56 56 56 56 56 56 56 56 56 56 56 56 56 56 56 56 56 56 56 56 56 56 56 56 56 56 56 56 56 56 56 56 56 56 56 56 56 56 56 56 56 56 56 56 56 56 56 56 56 56 56 56 56 56 56 56 56 56 56
95 13 22 32 36 38 41 43 53 66 90 100 105 112 178 184 188 235 244 249 258 267 287 309 312 317 322 336 345 352 353 354 356 359 366 385 386 397 401 409 418 429 437 439 453 461 466 472 481 490 509 510 512 517 545 548 570 577 590 593 601 614 616 621 624 625 626 629 632 648 674 676 692 711 720 722 738 745 747 754 765 766 779 802 835 840 855 861 896 932 941 950 960 965 973 987 158 158 158 158 158 158 158 158 158 158 158 158 158 158 158 158 158 158 158 158 158 158 158 158 158 158 158 158 158 158 158 158 158 158 158 158 158 158 158 158 158 158 158 158 158 158 158 158 158 158 158 158 158 158 158 158 158 158 158 158 158 158 158 158 158 158 158 158 158 158 158 158 158 158 158 158 158 158 158 158 158 158 158 158 158 158 158 158 158 158 158 158 158 158 158
2 78 100 105 105
56 2 7 18 43 55 58 76 114 161 167 177 187 216 219 224 232 241 262 277 283 304 329 330 366 384 394 426 511 544 578 585 598 611 617 621 625 675 677 714 724 728 731 733 736 767 780 781 817 826 840 849 862 887 945 982 993 171 171 171 171 171 171 171 171 171 171 171 171 171 171 171 171 171 171 171 171 171 171 171 171 171 171 171 171 171 171 171 171 171 171 171 171 171 171 171 171 171 171 171 171 171 171 171 171 171 171 171 171 171 171 171 171
9 37 58 265 352 390 434 508 634 983 145 145 145 145 145 145 145 145 145
30 22 83 98 99 119 140 146 172 189 215 252 302 366 372 392 421 452 453 463 478 496 538 559 573 595 599 698 729 789 909 53 53 53 53 53 53 53 53 53 53 53 53 53 53 53 53 53 53 53 53 53 53 53 53 53 53 53 53 53 53
21 7 118 120 247 278 369 417 437 459 466 625 658 672 695 727 743 899 918 924 967 996 150 150 150 150 150 150 150 150 150 150 150 150 150 150 150 150 150 150 150 150 150
93 18 26 27 47 50 51 61 71 103 104 110 128 129 131 150 155 156 166 181 194 195 199 202 206 211 212 218 225 259 291 306 323 342 343 346 368 370 387 400 417 430 435 449 451 465 471 474 505 506 517 548 550 567 608 624 633 642 649 650 664 676 677 678 681 714 719 730 732 742 747 753 765 777 791 810 817 833 866 869 875 876 881 890 930 939 944 945 957 966 967 983 986 993 143 143 143 143 143 143 143 143 143 143 143 143 143 143 143 143 143 143 143 143 143 143 143 143 143 143 143 143 143 143 143 143 143 143 143 143 143 143 143 143 143 143 143 143 143 143 143 143 143 143 143 143 143 143 143 143 143 143 143 143 143 143 143 143 143 143 143 143 143 143 143 143 143 143 143 143 143 143 143 143 143 143 143 143 143 143 143 143 143 143 143 143 143
91 4 9 20 27 28 31 46 48 92 96 110 117 131 158 165 175 180 192 195 218 225 236 266 282 295 298 303 315 316 322 327 340 348 353 383 385 401 405 420 432 441 465 470 484 520 528 530 542 550 553 563 571 573 580 582 596 623 625 630 635 640 644 663 682 707 766 767 771 786 805 817 827 835 841 844 856 864 867 887 892 910 914 921 925 930 932 933 934 943 950 957 62 62 62 62 62 62 62 62 62 62 62 62 62 62 62 62 62 62 62 62 62 62 62 62 62 62 62 62 62 62 62 62 62 62 62 62 62 62 62 62 62 62 62 62 62 62 62 62 62 62 62 62 62 62 62 62 62 62 62 62 62 62 62 62 62 62 62 62 62 62 62 62 62 62 62 62 62 62 62 62 62 62 62 62 62 62 62 62 62 62 62
49 66 74 96 103 115 127 164 203 208 252 255 261 290 297 305 371 423 428 435 461 478 540 570 578 584 654 659 668 684 694 698 701 743 748 752 769 782 788 800 812 814 817 823 858 862 888 894 990 998 86 86 86 86 86 86 86 86 86 86 86 86 86 86 86 86 86 86 86 86 86 86 86 86 86 86 86 86 86 86 86 86 86 86 86 86 86 86 86 86 86 86 86 86 86 86 86 86 86
47 15 16 20 58 83 86 101 107 121 137 172 208 212 229 264 279 351 382 388 410 413 419 423 482 483 515 529 530 574 599 615 624 629 640 694 716 751 767 801 826 835 861 917 929 952 957 983 157 157 157 157 157 157 157 157 157 157 157 157 157 157 157 157 157 157 157 157 157 157 157 157 157 157 157 157 157 157 157 157 157 157 157 157 157 157 157 157 157 157 157 157 157 157 157
23 46 69 77 122 128 167 192 210 213 220 224 266 328 340 445 454 473 613 679 724 781 801 860 180 180 180 180 180 180 180 180 180 180 180 180 180 180 180 180 180 180 180 180 180 180 180
24 10 29 46 63 120 125 183 216 249 360 484 544 611 647 733 763 778 821 826 851 873 891 917 926 27 27 27 27 27 27 27 27 27 27 27 27 27 27 27 27 27 27 27 27 27 27 27 27
62 8 11 16 18 77 138 179 186 204 219 248 270 300 301 338 356 359 376 409 419 433 457 464 470 475 477 480 493 506 526 561 568 569 594 618 641 644 646 651 715 724 729 731 741 754 765 774 778 781 783 785 796 801 811 821 858 898 912 935 970 975 987 194 194 194 194 194 194 194 194 194 194 194 194 194 194 194 194 194 194 194 194 194 194 194 194 194 194 194 194 194 194 194 194 194 194 194 194 194 194 194 194 194 194 194 194 194 194 194 194 194 194 194 194 194 194 194 194 194 194 194 194 194 194
54 6 11 31 44 64 80 81 135 136 137 163 166 196 202 210 226 267 317 320 337 403 438 503 511 574 594 595 600 610 613 619 625 635 638 642 650 651 653 675 732 748 779 782 791 792 805 845 849 855 862 894 929 930 973 108 108 108 108 108 108 108 108 108 108 108 108 108 108 108 108 108 108 108 108 108 108 108 108 108 108 108 108 108 108 108 108 108 108 108 108 108 108 108 108 108 108 108 108 108 108 108 108 108 108 108 108 108 108
96 1 16 26 36 40 45 46 58 59 69 81 102 107 122 135 143 168 192 223 227 230 234 255 264 266 270 280 298 310 313 328 345 371 386 388 389 396 398 402 405 408 411 447 456 467 473 480 495 509 517 525 549 576 584 594 597 601 618 628 634 647 648 652 662 663 664 671 675 681 685 697 701 720 728 729 731 755 756 775 811 830 838 846 853 866 875 890 897 907 930 933 936 960 988 991 995 157 157 157 157 157 157 157 157 157 157 157 157 157 157 157 157 157 157 157 157 157 157 157 157 157 157 157 157 157 157 157 157 157 157 157 157 157 157 157 157 157 157 157 157 157 157 157 157 157 157 157 157 157 157 157 157 157 157 157 157 157 157 157 157 157 157 157 157 157 157 157 157 157 157 157 157 157 157 157 157 157 157 157 157 157 157 157 157 157 157 157 157 157 157 157 157
86 11 27 38 46 60 67 69 85 93 99 130 133 134 136 137 142 160 176 186 223 226 238 280 289 303 313 323 326 333 344 355 358 368 380 382 434 480 487 488 496 498 505 515 516 521 523 537 538 543 544 566 576 604 611 615 616 624 659 678 687 695 696 698 705 753 759 763 769 770 794 813 814 822 825 828 833 834 838 862 869 947 954 956 964 979 984 144 144 144 144 144 144 144 144 144 144 144 144 144 144 144 144 144 144 144 144 144 144 144 144 144 144 144 144 144 144 144 144 144 144 144 144 144 144 144 144 144 144 144 144 144 144 144 144 144 144 144 144 144 144 144 144 144 144 144 144 144 144 144 144 144 144 144 144 144 144 144 144 144 144 144 144 144 144 144 144 144 144 144 144 144 144
18 40 81 118 129 156 351 409 423 468 491 517 609 699 754 827 903 970 994 167 167 167 167 167 167 167 167 167 167 167 167 167 167 167 167 167 167
6 309 401 506 524 611 883 20 20 20 20 20 20
43 4 52 54 79 85 95 97 99 105 129 130 131 157 173 206 226 302 329 350 354 374 376 392 405 427 461 528 579 602 623 624 651 665 681 720 773 793 799 858 903 917 942 998 36 36 36 36 36 36 36 36 36 36 36 36 36 36 36 36 36 36 36 36 36 36 36 36 36 36 36 36 36 36 36 36 36 36 36 36 36 36 36 36 36 36 36
24 52 80 172 191 210 230 231 254 284 353 357 411 434 471 528 543 590 646 689 718 751 774 802 972 75 75 75 75 75 75 75 75 75 75 75 75 75 75 75 75 75 75 75 75 75 75 75 75
10 12 32 190 259 404 433 494 516 519 641 27 27 27 27 27 27 27 27 27 27
28 11 48 50 93 194 217 234 243 270 316 389 391 402 416 421 468 492 500 503 585 622 681 826 828 851 874 908 965 134 134 134 134 134 134 134 134 134 134 134 134 134 134 134 134 134 134 134 134 134 134 134 134 134 134 134 134
47 14 28 54 58 73 88 116 130 156 179 193 253 294 306 322 346 380 408 425 426 433 438 502 506 536 545 563 592 643 645 676 684 700 703 730 753 824 845 846 853 860 929 935 946 958 973 985 25 25 25 25 25 25 25 25 25 25 25 25 25 25 25 25 25 25 25 25 25 25 25 25 25 25 25 25 25 25 25 25 25 25 25 25 25 25 25 25 25 25 25 25 25 25 25
78 2 11 35 49 68 93 113 133 154 166 182 184 210 228 240 249 253 271 273 311 336 341 351 353 375 383 400 404 427 432 454 460 483 492 493 504 509 517 528 535 536 537 546 551 569 580 584 599 629 630 631 659 663 669 673 683 684 686 693 723 729 730 732 752 779 785 802 807 813 818 822 863 870 872 891 929 957 970 11 11 11 11 11 11 11 11 11 11 11 11 11 11 11 11 11 11 11 11 11 11 11 11 11 11 11 11 11 11 11 11 11 11 11 11 11 11 11 11 11 11 11 11 11 11 11 11 11 11 11 11 11 11 11 11 11 11 11 11 11 11 11 11 11 11 11 11 11 11 11 11 11 11 11 11 11 11
87 3 13 19 47 52 74 100 115 121 123 129 142 151 165 172 205 209 214 219 221 224 227 248 258 265 268 293 317 340 348 350 385 389 390 391 392 398 403 431 441 444 464 480 495 498 502 521 526 535 536 556 566 594 599 607 631 649 656 661 680 687 708 722 739 747 770 779 786 825 833 841 844 845 862 880 884 885 895 904 911 924 933 935 947 953 961 979 167 167 167 167 167 167 167 167 167 167 167 167 167 167 167 167 167 167 167 167 167 167 167 167 167 167 167 167 167 167 167 167 167 167 167 167 167 167 167 167 167 167 167 167 167 167 167 167 167 167 167 167 167 167 167 167 167 167 167 167 167 167 167 167 167 167 167 167 167 167 167 167 167 167 167 167 167 167 167 167 167 167 167 167 167 167 167
44 50 56 67 95 105 161 181 184 214 234 261 300 302 313 316 332 349 351 388 393 450 455 456 488 503 544 553 585 586 662 684 705 747 787 815 827 842 847 864 869 875 879 919 958 176 176 176 176 176 176 176 176 176 176 176 176 176 176 176 176 176 176 176 176 176 176 176 176 176 176 176 176 176 176 176 176 176 176 176 176 176 176 176 176 176 176 176 176
30 110 112 136 182 233 324 353 372 392 406 436 454 455 463 480 484 492 504 526 558 569 632 661 738 759 822 893 909 910 966 140 140 140 140 140 140 140 140 140 140 140 140 140 140 140 140 140 140 140 140 140 140 140 140 140 140 140 140 140 140
13 1 20 79 128 526 598 686 722 750 828 872 890 922 61 61 61 61 61 61 61 61 61 61 61 61 61
64 2 5 17 39 55 71 103 139 150 151 153 171 192 202 205 210 226 227 261 293 296 327 332 367 390 394 403 473 483 510 552 558 562 590 615 633 655 668 685 688 700 704 711 717 722 725 729 737 742 750 752 764 803 816 821 836 850 886 898 929 962 968 971 996 193 193 193 193 193 193 193 193 193 193 193 193 193 193 193 193 193 193 193 193 193 193 193 193 193 193 193 193 193 193 193 193 193 193 193 193 193 193 193 193 193 193 193 193 193 193 193 193 193 193 193 193 193 193 193 193 193 193 193 193 193 193 193 193
38 15 35 55 79 93 122 148 156 175 192 201 203 224 225 243 285 366 375 380 419 439 483 490 492 496 522 544 598 625 671 711 760 803 837 842 885 891 911 188 188 188 188 188 188 188 188 188 188 188 188 188 188 188 188 188 188 188 188 188 188 188 188 188 188 188 188 188 188 188 188 188 188 188 188 188 188
38 5 6 17 69 129 153 170 204 237 281 313 368 394 438 456 489 501 534 553 605 607 651 682 685 691 702 715 823 828 829 834 844 865 887 975 978 979 993 195 195 195 195 195 195 195 195 195 195 195 195 195 195 195 195 195 195 195 195 195 195 195 195 195 195 195 195 195 195 195 195 195 195 195 195 195 195
53 1 19 63 94 95 109 112 125 127 145 156 177 189 220 229 251 289 308 339 351 363 385 395 397 405 466 470 489 504 546 556 563 568 604 610 615 639 647 660 668 676 725 744 757 778 781 843 881 915 931 934 958 978 202 202 202 202 202 202 202 202 202 202 202 202 202 202 202 202 202 202 202 202 202 202 202 202 202 202 202 202 202 202 202 202 202 202 202 202 202 202 202 202 202 202 202 202 202 202 202 202 202 202 202 202 202
80 16 25 34 41 70 97 110 112 121 149 182 193 195 209 218 235 262 281 288 298 303 311 319 323 324 327 332 333 357 367 370 374 389 404 409 423 441 442 458 472 475 496 501 520 554 559 562 572 576 609 617 647 651 652 659 669 677 685 686 695 716 736 738 740 741 744 750 777 796 837 866 877 881 894 896 901 942 971 986 992 22 22 22 22 22 22 22 22 22 22 22 22 22 22 22 22 22 22 22 22 22 22 22 22 22 22 22 22 22 22 22 22 22 22 22 22 22 22 22 22 22 22 22 22 22 22 22 22 22 22 22 22 22 22 22 22 22 22 22 22 22 22 22 22 22 22 22 22 22 22 22 22 22 22 22 22 22 22 22 22
46 10 31 70 85 97 109 164 182 205 206 209 229 230 333 366 375 378 412 452 481 504 505 514 541 554 567 573 633 636 660 679 710 731 778 797 801 804 816 817 822 829 917 918 952 973 997 174 174 174 174 174 174 174 174 174 174 174 174 174 174 174 174 174 174 174 174 174 174 174 174 174 174 174 174 174 174 174 174 174 174 174 174 174 174 174 174 174 174 174 174 174 174
64 10 41 55 77 80 92 107 134 144 159 161 179 180 196 203 206 216 219 248 264 281 291 339 344 348 371 375 411 454 478 485 528 534 543 557 570 584 594 609 650 658 671 675 678 690 728 740 745 747 763 777 790 797 819 844 856 857 858 878 899 928 939 945 985 100 100 100 100 100 100 100 100 100 100 100 100 100 100 100 100 100 100 100 100 100 100 100 100 100 100 100 100 100 100 100 100 100 100 100 100 100 100 100 100 100 100 100 100 100 100 100 100 100 100 100 100 100 100 100 100 100 100 100 100 100 100 100 100
