100 26
33 93 101 130 164 259 280 286 291 299 364 380 397 419 426 458 469 470 554 606 655 684 702 778 796 820 871 876 879 940 955 963 973 986 21 58 86 85 21 21 76 93 78 47 99 12 0 26 57 56 35 4 66 71 51 14 92 72 14 95 100 2 20 70 61 19 83
62 22 28 37 65 83 101 121 139 147 180 188 243 258 267 269 297 305 319 357 363 365 378 392 429 435 471 472 491 502 506 509 512 515 542 552 588 596 600 602 629 632 649 665 736 737 738 746 749 751 753 754 789 846 855 869 875 885 921 938 973 978 988 16 66 29 51 100 50 49 41 4 93 16 56 32 22 59 85 32 3 77 97 64 37 70 2 42 32 4 37 71 87 6 17 37 15 8 38 21 56 84 88 26 42 90 60 86 20 34 97 70 21 79 65 82 61 46 26 50 71 55 86 87 91
84 23 44 55 59 95 101 102 113 119 134 137 138 142 149 152 153 160 162 163 170 177 182 191 218 219 255 259 263 264 297 301 302 320 329 371 375 394 424 429 443 445 447 453 463 467 496 509 518 530 557 562 612 635 648 665 677 681 685 687 700 702 737 744 757 770 778 781 785 792 804 808 823 830 873 887 904 930 933 936 962 977 985 986 988 10 23 57 11 85 1 14 68 89 42 60 76 34 71 52 69 63 86 56 87 100 83 64 75 66 83 100 9 82 100 78 13 66 71 52 46 65 7 87 2 22 3 12 78 75 24 23 76 52 91 48 92 1 98 87 96 23 14 7 13 65 64 37 5 89 43 90 31 88 39 32 48 57 33 13 65 60 68 79 5 55 48 88 2
14 94 110 205 226 274 340 387 443 510 620 669 824 923 930 58 83 3 51 88 44 50 75 30 15 96 13 59 1
77 58 65 67 69 70 73 76 83 87 89 90 109 127 140 142 144 150 154 155 160 181 185 214 266 271 274 275 289 295 306 309 339 340 342 346 354 369 387 406 417 429 436 447 471 489 498 504 512 527 530 531 539 547 565 569 579 595 609 630 654 664 722 747 749 755 776 777 838 842 851 869 876 896 898 900 965 997 67 44 0 73 84 59 49 54 89 37 10 48 79 65 7 31 79 52 22 19 10 74 78 26 90 12 14 55 100 100 65 85 17 9 37 92 8 4 78 2 55 70 26 44 6 70 92 10 46 46 47 30 68 88 75 29 15 57 50 65 31 8 83 91 25 69 14 30 67 34 20 58 87 1 81 65 73
24 34 58 85 95 126 148 169 171 202 306 310 401 451 593 594 603 606 614 714 725 741 871 968 975 63 65 55 86 98 0 3 66 16 60 15 47 90 50 22 53 62 66 87 59 8 8 45 82
57 14 24 39 55 57 58 88 94 130 150 157 183 234 237 242 259 273 297 300 305 313 317 322 342 377 425 458 483 538 559 564 606 614 669 675 687 716 724 733 740 756 767 773 789 805 806 816 822 864 883 885 886 932 955 958 997 998 20 12 77 48 88 14 70 12 17 36 5 89 82 55 92 50 80 35 90 45 81 72 13 43 9 83 2 97 53 79 9 49 32 58 98 53 74 100 26 63 7 0 60 70 84 50 78 90 55 99 83 4 17 66 99 39 11
18 15 75 80 103 145 213 235 273 356 413 581 640 702 728 735 784 851 893 46 98 76 81 10 14 100 93 59 97 29 96 78 90 80 85 40 95
18 16 93 192 204 225 281 337 398 401 451 478 480 485 636 644 662 711 963 50 100 31 81 71 48 59 49 23 96 64 14 75 3 0 29 29 90
98 8 11 14 17 18 22 26 74 75 101 107 116 124 136 150 154 161 165 168 170 172 174 175 180 198 215 236 244 262 264 283 289 307 324 339 368 375 383 393 396 400 402 405 411 431 433 441 449 459 477 480 494 509 526 531 536 556 564 566 568 576 590 596 607 615 619 633 661 694 725 732 737 738 755 757 761 763 764 771 783 786 800 819 831 845 849 856 860 866 872 884 891 896 931 937 944 987 999 64 19 0 87 23 96 98 23 80 15 33 37 64 98 16 46 2 53 44 31 51 100 25 83 74 44 27 85 68 94 90 65 29 98 83 79 17 25 86 22 24 25 64 24 61 41 68 32 88 65 43 42 35 64 80 25 82 93 85 20 54 15 27 48 23 38 90 96 50 26 61 95 17 81 95 24 93 33 12 53 76 76 38 28 13 27 38 30 49 42 59 67 12 38 65 99 6 64
84 20 46 52 66 97 101 114 124 132 134 144 147 148 154 161 164 172 189 193 201 216 224 237 251 283 287 294 320 368 396 403 408 427 435 455 456 477 503 512 516 519 527 529 544 552 558 570 589 608 609 611 628 636 638 658 663 665 668 702 712 713 719 728 729 780 783 785 799 805 826 838 875 879 885 886 887 891 901 912 914 923 943 990 995 38 87 29 81 81 5 99 99 41 39 29 5 88 37 67 41 82 47 97 36 75 60 10 61 23 95 47 35 59 87 4 99 66 12 99 55 16 58 32 33 32 79 62 89 75 43 45 35 73 54 95 11 1 53 43 12 59 39 72 45 58 60 98 2 43 41 88 99 42 97 84 62 15 1 63 35 78 95 13 35 6 56 72 49
50 26 54 57 95 128 147 171 208 224 229 278 322 331 336 360 361 370 379 397 403 410 435 448 468 499 518 546 552 556 601 630 638 645 649 660 665 666 687 693 739 746 791 793 794 827 834 847 880 953 962 12 15 79 40 72 50 55 6 84 1 28 62 44 93 24 92 46 75 90 60 66 86 49 74 56 87 93 98 86 88 47 21 19 18 16 73 28 16 85 55 34 47 25 7 44 52 32 5 39 49
34 38 55 94 95 100 106 145 171 265 282 292 338 340 341 353 363 371 379 403 430 494 535 544 547 553 563 577 591 670 741 856 892 897 954 84 67 26 44 50 49 56 32 41 24 41 69 52 21 40 25 82 83 37 21 88 23 58 97 12 72 21 28 12 83 47 3 26 32
78 1 12 38 84 98 109 150 179 182 239 274 283 291 306 308 336 337 353 361 383 407 415 418 431 436 447 480 485 488 513 528 533 557 560 562 574 584 585 591 617 627 639 660 664 680 681 682 683 705 725 727 728 753 762 769 777 791 800 803 814 827 836 846 853 860 861 867 884 895 908 914 933 941 943 959 967 989 998 66 93 96 72 67 88 44 1 77 51 90 96 78 45 43 16 57 77 75 87 14 68 65 7 87 95 0 19 62 5 32 13 43 25 51 33 80 90 8 72 92 68 66 43 49 26 38 7 88 20 42 86 75 64 55 95 5 29 45 10 88 33 36 28 37 93 20 37 81 99 86 55 75 70 13 20 4 61
61 7 8 16 30 49 61 64 67 85 106 115 133 143 154 213 214 232 250 261 262 269 300 301 308 317 323 367 389 402 404 419 439 460 472 484 487 490 502 511 513 538 558 559 591 674 699 700 714 715 732 739 740 742 824 839 897 914 958 989 992 999 10 85 72 93 68 45 83 20 98 40 73 52 87 36 1 67 0 3 24 45 25 60 44 20 85 6 35 78 39 4 70 5 64 95 0 50 10 96 39 96 77 3 2 19 82 4 35 8 44 11 59 97 2 33 12 100 95 82 76 91 40
84 8 18 53 66 107 114 128 136 154 158 167 172 185 199 207 211 226 242 245 250 254 258 259 276 280 307 309 314 320 325 334 336 341 353 369 375 395 400 427 440 451 454 461 466 468 507 551 566 572 577 585 598 605 610 646 647 654 662 667 672 683 730 754 765 766 773 778 788 789 800 831 835 866 881 888 890 897 904 931 934 945 971 975 977 66 89 87 66 17 64 58 86 50 88 51 43 22 39 45 24 22 68 77 1 74 28 6 60 3 1 16 11 79 15 84 35 69 7 67 44 14 94 38 94 0 35 49 59 49 81 98 99 95 34 31 94 55 61 3 67 4 24 97 34 60 80 94 94 81 76 99 74 88 90 57 51 57 3 22 93 39 97 46 25 50 12 61 75
51 7 28 77 99 111 116 136 144 156 162 173 216 264 283 297 298 345 348 367 385 387 405 418 430 461 496 511 588 605 610 623 639 646 654 665 669 680 690 763 768 776 788 820 830 863 866 884 906 919 926 957 72 1 96 97 47 69 76 1 93 99 5 7 13 20 66 30 23 33 77 51 40 91 43 12 52 92 69 64 51 94 19 25 25 52 37 26 71 36 79 65 90 22 76 51 61 49 96 2 13 36 74
82 3 20 22 25 50 65 93 97 103 113 123 159 177 185 186 192 198 237 273 276 318 319 332 354 363 368 370 371 375 396 400 403 405 421 423 424 426 434 436 439 441 463 468 493 494 533 539 542 543 544 561 570 571 580 593 599 620 621 628 644 649 651 675 681 692 715 718 747 755 757 770 778 799 805 810 833 854 871 890 927 931 999 83 3 55 43 30 38 40 44 91 81 49 18 70 27 97 84 36 96 12 87 7 46 48 69 85 51 34 53 35 70 87 89 28 62 53 72 66 76 21 25 74 11 75 15 27 4 57 23 3 72 79 51 34 78 88 40 10 2 0 4 2 100 45 48 64 50 75 88 73 65 30 97 5 10 43 46 19 65 97 12 5 17
91 1 6 17 20 42 47 49 52 54 71 87 94 129 136 137 163 164 170 220 229 239 244 250 252 259 269 272 277 278 298 308 312 323 344 364 366 368 392 394 395 410 420 428 437 449 454 463 480 496 500 517 529 546 549 551 589 609 644 645 647 684 685 710 721 737 741 753 754 756 778 782 783 804 805 809 811 822 833 867 877 884 904 913 915 923 925 933 936 949 961 973 40 2 45 49 77 42 11 33 44 20 48 96 47 99 17 21 18 7 23 41 22 34 98 76 8 100 5 86 33 67 32 27 0 50 9 52 19 74 3 87 2 17 33 7 96 78 21 40 92 41 34 63 50 28 4 76 3 61 32 16 34 1 20 53 37 73 14 40 47 85 45 60 48 36 98 6 36 82 64 30 2 97 64 42 32 68 32 96 52 69 83
84 11 22 27 47 52 54 65 84 110 121 122 152 155 160 170 181 185 199 211 212 218 240 248 249 257 259 261 275 279 305 321 356 357 361 363 366 391 410 427 456 481 498 505 525 535 548 566 574 634 653 664 672 673 676 682 697 718 728 732 739 745 746 752 757 785 788 805 822 823 829 831 838 841 848 853 859 861 864 872 960 974 975 977 987 33 85 36 71 36 9 32 98 15 100 23 69 33 56 88 72 35 76 76 51 77 73 31 89 45 30 37 84 73 43 17 88 100 43 56 32 75 82 92 51 27 47 80 79 79 55 3 15 26 43 46 79 37 50 52 83 40 71 7 38 2 3 69 74 22 98 18 88 29 9 83 85 48 76 42 53 61 81 65 93 39 71 28 45
86 30 34 58 65 76 113 132 161 163 166 173 180 214 218 223 233 251 268 271 285 291 305 307 309 333 363 365 375 401 402 409 416 423 437 443 449 451 472 480 482 493 522 523 524 568 571 577 581 584 586 611 612 620 633 636 656 663 666 674 676 690 699 716 731 741 759 775 778 780 801 803 814 821 823 829 833 836 861 905 913 924 935 947 981 985 986 80 7 71 10 47 0 95 97 21 87 80 10 13 64 92 13 23 17 68 85 7 69 65 3 28 55 85 29 16 98 80 19 80 38 78 75 16 63 88 51 21 9 49 11 62 23 76 97 0 90 44 23 25 93 65 66 72 65 98 14 24 39 78 30 74 62 26 58 80 5 6 89 79 91 44 7 63 55 98 80 39 74 76 32 20 80
28 52 85 98 99 104 137 139 193 216 244 304 430 482 506 625 679 723 745 752 759 763 770 781 802 835 852 937 974 54 42 20 53 83 79 64 65 55 82 28 11 90 47 52 9 82 83 19 51 39 29 7 76 83 36 5 99
76 2 14 28 30 42 51 52 116 122 137 140 160 162 181 193 197 202 229 234 235 259 260 279 287 293 317 321 330 349 358 365 372 379 387 399 408 420 421 451 458 463 465 491 523 532 570 580 583 604 607 619 621 640 649 680 684 690 696 710 730 777 786 808 821 826 828 835 878 883 886 905 946 949 974 975 999 52 14 89 72 4 4 50 68 67 65 3 39 96 71 32 89 47 78 53 29 62 38 74 70 74 21 36 23 2 8 58 67 93 76 57 93 96 22 5 100 82 2 6 66 23 2 15 91 21 1 29 67 33 68 42 56 29 70 6 65 99 35 20 69 18 93 80 43 30 63 90 8 62 46 43 25
90 14 40 51 64 73 75 79 90 102 105 110 130 145 150 164 177 180 204 234 270 272 273 275 278 295 305 314 317 326 335 338 339 354 381 384 390 396 401 406 410 414 419 434 472 489 490 502 515 519 524 527 546 554 564 570 579 584 615 627 680 681 683 689 701 726 728 743 764 773 781 808 830 846 851 863 875 884 892 907 922 930 932 936 939 950 960 975 987 997 998 73 24 54 54 5 62 93 45 78 59 32 37 19 95 91 40 0 74 77 97 77 56 44 14 17 83 59 46 30 69 76 33 4 68 79 17 32 48 62 26 9 16 36 28 8 35 47 57 40 7 46 13 65 73 77 81 76 47 77 52 72 50 2 47 0 1 14 91 66 89 32 56 52 93 53 92 27 60 31 9 54 21 93 6 6 67 47 79 41 100
34 40 93 124 147 149 152 155 177 199 217 247 275 314 333 340 380 395 397 437 519 577 588 608 615 692 716 730 758 885 903 904 940 965 980 35 22 61 13 20 80 95 59 53 47 81 37 95 40 17 67 85 4 42 3 80 16 26 95 28 83 72 50 71 48 53 47 55 50
5 358 493 515 586 794 11 68 71 13 29
88 12 29 30 35 45 51 62 73 76 92 104 120 121 124 131 147 162 163 164 206 212 223 235 266 311 318 324 349 372 373 382 384 405 411 420 427 434 438 446 459 466 475 479 494 503 505 527 537 550 552 556 568 573 576 586 588 590 592 603 606 607 640 676 678 694 704 715 720 754 794 833 840 841 854 855 857 860 886 893 898 912 919 940 949 964 977 981 986 60 23 73 89 87 100 14 68 77 51 84 60 63 76 54 12 73 83 74 85 43 92 16 46 57 60 99 40 14 79 99 92 68 45 2 72 28 48 63 30 63 45 41 10 87 86 2 41 36 37 5 80 69 88 80 32 99 86 33 57 86 18 47 13 49 67 89 6 37 20 63 44 60 72 66 93 35 36 91 29 92 74 27 8 59 53 20 93
