100 13
31 8 11 15 30 104 150 153 160 173 178 218 261 321 328 373 553 580 634 646 651 689 736 745 804 811 819 886 904 935 949 989 40 79 57 22 31 74 17 61 87 91 21 70 25 36 46 0 98 35 42 81 22 53 13 70 10 92 79 16 89 34 6
61 35 51 67 96 121 130 150 155 174 188 201 208 221 224 227 253 263 333 336 361 366 371 373 379 385 402 421 439 440 446 462 472 488 505 546 571 578 589 595 605 622 625 644 682 727 729 797 804 834 839 840 841 910 928 929 943 951 975 978 982 991 94 7 94 68 22 65 65 26 58 26 44 39 75 18 38 86 60 79 93 26 94 9 4 19 70 33 40 65 23 22 2 99 72 50 46 83 20 93 72 11 47 100 4 53 25 74 0 93 80 27 58 51 85 54 37 9 21 50 83 93 6
25 60 156 171 192 222 407 409 423 454 462 477 575 588 592 658 665 713 748 764 813 875 893 896 897 915 44 40 53 83 3 65 7 81 49 9 30 89 22 67 80 28 11 12 28 70 4 82 15 12 92
47 21 25 56 58 149 154 201 202 204 265 285 338 354 383 404 416 420 426 428 442 514 515 527 532 546 577 618 634 643 659 663 667 690 692 698 774 789 799 801 830 863 886 894 950 983 985 990 45 94 62 74 54 53 29 63 48 76 53 54 91 84 61 28 89 73 52 58 83 75 68 83 50 51 91 17 21 83 91 85 32 56 98 11 74 62 59 17 25 24 38 38 87 23 90
100 3 17 19 23 36 40 65 70 74 79 89 90 96 126 141 152 156 157 180 184 187 211 221 230 251 253 258 266 268 284 308 337 354 360 364 367 372 377 378 379 383 399 420 427 429 441 464 476 482 491 500 510 515 556 573 588 591 592 594 604 622 644 645 665 668 691 704 726 742 754 759 761 772 786 793 795 796 797 798 803 807 812 813 833 867 869 876 878 901 909 911 926 930 931 941 946 947 967 968 998 56 15 62 0 38 76 41 16 20 50 59 37 10 56 7 84 22 74 39 55 81 12 45 25 10 62 39 52 25 93 45 11 9 64 70 71 86 53 12 73 97 96 29 62 21 50 10 69 74 88 58 10 68 32 90 59 27 82 94 52 33 46 89 18 87 62 15 32 46 66 60 95 95 64 80 57 49 90 59 17 20 55 30 89 86 12 9 85 95 81 89 41 25 48 92 9 29 37 45 41
85 7 20 21 24 31 59 63 65 73 79 80 83 93 96 99 102 107 126 154 162 202 203 222 231 234 252 279 289 313 332 346 352 369 382 398 420 426 431 438 450 454 468 470 477 498 501 513 519 537 548 555 594 598 601 608 623 630 633 637 639 642 645 648 660 662 680 696 716 719 720 738 744 785 814 836 839 852 887 891 913 934 947 956 971 984 60 59 83 24 75 16 1 66 3 62 74 65 50 49 82 19 50 69 12 98 44 89 23 67 42 73 98 92 38 37 14 63 94 67 78 0 66 71 17 67 93 95 68 36 0 45 54 42 94 79 48 67 15 53 20 27 93 7 77 75 27 66 53 36 20 42 87 11 97 41 6 70 69 12 92 61 71 34 53 29 18 71 79 68 15
15 56 108 144 157 218 228 419 438 675 694 746 758 897 996 999 81 43 2 16 4 15 87 7 16 12 36 35 90 19 18
73 7 64 70 72 75 76 101 103 116 134 143 145 148 149 152 172 179 181 193 209 219 274 277 331 341 344 345 352 386 397 405 471 475 500 511 520 528 529 533 536 538 557 560 576 592 603 611 616 631 645 646 667 689 695 710 713 719 773 829 837 860 870 904 907 908 919 926 927 929 955 957 966 992 54 9 10 66 45 83 77 70 65 33 15 19 7 67 68 49 28 12 26 5 39 33 40 63 8 26 74 52 66 100 59 14 80 94 15 25 95 92 31 60 39 81 15 21 64 42 59 48 78 28 17 71 71 6 35 80 85 64 5 48 32 99 5 48 33 86 28 23 75 69 37 36 3
27 16 24 41 102 169 213 302 319 324 325 342 364 398 406 455 519 593 601 620 713 740 756 764 834 914 954 972 19 10 32 85 62 2 62 34 82 51 12 74 82 75 55 95 89 4 86 79 7 40 6 12 21 49 98
64 11 13 24 47 50 68 102 136 196 225 244 245 258 259 276 309 341 356 363 377 387 397 422 441 442 447 500 519 531 535 539 544 559 564 567 603 608 618 625 640 671 683 720 721 724 733 736 761 763 778 800 815 818 819 844 859 862 885 933 945 953 958 975 998 35 89 40 2 66 26 7 44 54 85 31 63 98 45 76 23 14 49 47 10 3 20 6 9 91 70 31 42 45 86 71 85 16 29 68 35 34 54 71 56 30 57 35 78 36 15 62 48 97 7 79 57 28 44 22 10 53 26 67 97 68 97 4 38
34 9 46 71 113 127 134 135 152 171 192 237 238 299 359 376 421 428 436 519 563 569 581 593 631 661 677 679 682 751 782 800 841 883 938 24 96 47 12 93 35 68 70 39 98 45 60 54 82 23 61 26 6 36 38 79 72 60 3 0 74 36 13 81 64 47 3 60 63
50 73 91 100 104 121 125 166 168 182 189 218 220 227 237 246 251 282 284 305 312 316 328 383 486 520 536 541 558 568 575 603 607 608 623 642 651 652 698 699 734 735 765 779 783 796 829 952 959 961 969 9 97 44 9 44 17 51 60 42 68 78 37 99 0 41 80 55 79 17 62 40 68 88 90 15 1 78 75 52 95 59 1 69 75 27 27 13 89 4 5 14 4 10 76 75 2 30 9 57 1
71 3 8 17 24 26 41 51 53 75 81 82 105 106 110 142 151 153 198 221 239 259 275 282 285 297 301 308 312 333 367 368 370 386 388 389 394 403 450 453 457 460 479 480 492 521 542 545 560 576 585 586 608 614 635 640 649 676 704 705 707 734 764 812 832 837 890 897 900 933 952 991 93 42 72 55 89 68 17 6 41 76 96 46 51 75 63 98 31 90 19 54 77 4 6 100 12 6 90 39 43 37 3 10 66 22 79 3 99 94 22 10 75 99 65 44 44 68 81 73 17 25 52 68 89 34 40 10 41 35 16 60 88 93 7 3 95 20 12 71 56 4 85
16 12 29 68 81 108 152 196 203 219 233 342 348 493 505 895 991 74 62 32 36 54 20 45 91 37 86 31 79 2 81 82 56
