88 16
78 9 13 38 65 79 83 90 116 120 132 156 207 211 213 217 245 247 261 271 287 298 352 381 383 403 421 433 438 465 470 497 500 521 527 541 553 586 592 604 605 625 629 647 650 657 669 671 673 680 697 702 712 725 732 738 748 758 760 762 763 770 785 797 800 813 830 850 859 876 891 904 907 915 923 949 965 980 996 67 67 67 67 67 67 67 67 67 67 67 67 67 67 67 67 67 67 67 67 67 67 67 67 67 67 67 67 67 67 67 67 67 67 67 67 67 67 67 67 67 67 67 67 67 67 67 67 67 67 67 67 67 67 67 67 67 67 67 67 67 67 67 67 67 67 67 67 67 67 67 67 67 67 67 67 67 67
48 20 23 132 138 143 149 153 189 238 248 278 280 308 326 333 353 367 379 395 420 494 505 534 551 575 594 596 622 644 645 686 688 730 758 761 794 797 801 831 834 851 874 902 911 912 916 920 990 62 62 62 62 62 62 62 62 62 62 62 62 62 62 62 62 62 62 62 62 62 62 62 62 62 62 62 62 62 62 62 62 62 62 62 62 62 62 62 62 62 62 62 62 62 62 62 62
68 37 45 54 58 66 107 108 118 134 161 187 222 230 265 270 276 278 305 307 331 338 340 369 372 375 383 396 410 424 436 461 462 478 483 493 496 510 513 533 538 539 550 572 594 596 599 604 609 630 652 668 685 688 719 792 799 800 817 870 879 900 913 964 972 974 975 976 989 17 17 17 17 17 17 17 17 17 17 17 17 17 17 17 17 17 17 17 17 17 17 17 17 17 17 17 17 17 17 17 17 17 17 17 17 17 17 17 17 17 17 17 17 17 17 17 17 17 17 17 17 17 17 17 17 17 17 17 17 17 17 17 17 17 17 17 17
67 6 19 20 30 55 62 67 87 92 103 117 134 135 159 173 175 176 202 217 218 232 234 282 286 298 305 310 312 328 351 395 414 454 474 477 506 508 518 519 521 545 587 597 605 607 609 661 684 694 703 742 787 788 794 811 818 841 855 883 888 893 908 910 932 934 975 995 76 76 76 76 76 76 76 76 76 76 76 76 76 76 76 76 76 76 76 76 76 76 76 76 76 76 76 76 76 76 76 76 76 76 76 76 76 76 76 76 76 76 76 76 76 76 76 76 76 76 76 76 76 76 76 76 76 76 76 76 76 76 76 76 76 76 76
76 2 11 36 37 99 126 146 164 175 199 206 211 213 233 235 238 249 252 253 275 314 356 368 394 415 416 421 422 437 453 462 478 481 489 495 501 511 517 569 573 578 580 594 606 640 646 647 649 668 669 670 676 684 692 693 695 709 722 736 755 763 767 775 787 819 823 840 855 863 872 873 888 896 914 944 986 87 87 87 87 87 87 87 87 87 87 87 87 87 87 87 87 87 87 87 87 87 87 87 87 87 87 87 87 87 87 87 87 87 87 87 87 87 87 87 87 87 87 87 87 87 87 87 87 87 87 87 87 87 87 87 87 87 87 87 87 87 87 87 87 87 87 87 87 87 87 87 87 87 87 87 87
84 4 7 9 20 28 46 54 55 86 92 114 121 123 153 161 182 184 201 206 214 250 262 306 307 315 326 334 346 352 356 360 361 384 419 421 422 440 444 455 465 477 480 481 485 494 495 502 504 513 549 552 557 561 564 566 576 617 628 634 648 661 674 695 714 728 761 788 792 818 828 841 855 856 863 875 879 887 895 905 910 918 922 957 959 86 86 86 86 86 86 86 86 86 86 86 86 86 86 86 86 86 86 86 86 86 86 86 86 86 86 86 86 86 86 86 86 86 86 86 86 86 86 86 86 86 86 86 86 86 86 86 86 86 86 86 86 86 86 86 86 86 86 86 86 86 86 86 86 86 86 86 86 86 86 86 86 86 86 86 86 86 86 86 86 86 86 86 86
67 8 18 27 41 71 117 127 145 156 192 207 212 220 229 235 257 258 278 320 322 325 330 331 334 335 352 353 382 420 437 438 440 446 464 493 498 507 519 527 554 567 577 579 597 607 614 634 667 668 690 694 700 701 726 772 780 796 820 823 830 849 869 906 916 932 943 958 13 13 13 13 13 13 13 13 13 13 13 13 13 13 13 13 13 13 13 13 13 13 13 13 13 13 13 13 13 13 13 13 13 13 13 13 13 13 13 13 13 13 13 13 13 13 13 13 13 13 13 13 13 13 13 13 13 13 13 13 13 13 13 13 13 13 13
68 5 7 18 25 42 45 52 121 142 148 159 180 198 199 207 238 240 278 296 304 306 310 313 336 337 360 371 377 381 395 403 416 419 436 441 462 467 468 495 513 536 556 595 617 622 624 629 656 680 691 693 703 745 752 767 770 789 844 859 862 864 893 897 912 930 948 982 987 6 6 6 6 6 6 6 6 6 6 6 6 6 6 6 6 6 6 6 6 6 6 6 6 6 6 6 6 6 6 6 6 6 6 6 6 6 6 6 6 6 6 6 6 6 6 6 6 6 6 6 6 6 6 6 6 6 6 6 6 6 6 6 6 6 6 6 6
62 1 101 102 103 104 127 138 144 146 150 153 180 181 188 214 215 248 257 283 315 318 328 340 341 343 385 386 388 391 416 426 434 457 461 480 496 515 538 540 592 598 602 603 618 628 632 649 670 672 679 701 785 821 837 842 843 851 859 876 888 943 979 12 12 12 12 12 12 12 12 12 12 12 12 12 12 12 12 12 12 12 12 12 12 12 12 12 12 12 12 12 12 12 12 12 12 12 12 12 12 12 12 12 12 12 12 12 12 12 12 12 12 12 12 12 12 12 12 12 12 12 12 12 12
86 1 3 10 60 69 97 145 149 150 158 175 183 187 188 191 207 220 235 247 260 283 288 298 300 304 329 338 344 352 362 400 406 418 420 432 435 442 470 489 490 501 522 531 546 556 605 609 612 628 638 655 660 675 699 710 714 732 733 735 737 743 748 750 775 785 804 816 817 837 852 853 875 885 887 912 918 920 926 930 932 933 939 940 961 965 995 70 70 70 70 70 70 70 70 70 70 70 70 70 70 70 70 70 70 70 70 70 70 70 70 70 70 70 70 70 70 70 70 70 70 70 70 70 70 70 70 70 70 70 70 70 70 70 70 70 70 70 70 70 70 70 70 70 70 70 70 70 70 70 70 70 70 70 70 70 70 70 70 70 70 70 70 70 70 70 70 70 70 70 70 70 70
27 11 37 75 78 154 235 237 291 366 378 433 498 505 643 644 687 705 710 733 769 796 877 901 914 953 981 990 30 30 30 30 30 30 30 30 30 30 30 30 30 30 30 30 30 30 30 30 30 30 30 30 30 30 30
68 19 26 27 30 48 55 69 70 73 75 94 103 156 172 197 198 228 231 255 278 313 316 329 355 366 367 372 388 404 426 427 434 446 450 452 474 517 541 566 567 569 573 656 681 685 689 691 703 713 716 730 742 754 768 773 785 789 799 806 811 816 833 901 907 908 961 969 980 80 80 80 80 80 80 80 80 80 80 80 80 80 80 80 80 80 80 80 80 80 80 80 80 80 80 80 80 80 80 80 80 80 80 80 80 80 80 80 80 80 80 80 80 80 80 80 80 80 80 80 80 80 80 80 80 80 80 80 80 80 80 80 80 80 80 80 80
55 33 35 59 60 99 102 111 121 125 142 153 173 182 188 213 222 246 258 292 315 320 350 391 406 419 420 423 430 458 476 521 537 596 624 637 657 658 661 673 691 734 744 761 815 819 851 866 901 920 922 930 932 951 957 983 73 73 73 73 73 73 73 73 73 73 73 73 73 73 73 73 73 73 73 73 73 73 73 73 73 73 73 73 73 73 73 73 73 73 73 73 73 73 73 73 73 73 73 73 73 73 73 73 73 73 73 73 73 73 73
5 122 123 729 903 946 69 69 69 69 69
44 14 62 71 80 126 143 184 201 205 268 330 338 344 364 411 471 480 493 494 506 530 531 545 582 590 597 618 622 646 656 661 670 674 798 812 848 854 875 905 912 945 953 962 997 28 28 28 28 28 28 28 28 28 28 28 28 28 28 28 28 28 28 28 28 28 28 28 28 28 28 28 28 28 28 28 28 28 28 28 28 28 28 28 28 28 28 28 28
11 14 167 400 431 479 511 616 645 877 892 935 53 53 53 53 53 53 53 53 53 53 53
100 27 59 70 87 88 94 95 98 107 142 148 155 163 168 180 184 185 196 203 204 215 219 222 233 237 242 243 250 274 276 296 298 312 320 339 348 356 363 366 381 397 398 411 419 428 441 450 466 488 495 502 507 539 543 554 556 564 574 578 581 593 603 625 639 653 657 660 686 703 711 726 735 737 738 754 756 761 774 776 781 797 804 825 830 836 837 853 855 864 872 902 906 912 913 932 934 947 961 970 976 20 20 20 20 20 20 20 20 20 20 20 20 20 20 20 20 20 20 20 20 20 20 20 20 20 20 20 20 20 20 20 20 20 20 20 20 20 20 20 20 20 20 20 20 20 20 20 20 20 20 20 20 20 20 20 20 20 20 20 20 20 20 20 20 20 20 20 20 20 20 20 20 20 20 20 20 20 20 20 20 20 20 20 20 20 20 20 20 20 20 20 20 20 20 20 20 20 20 20 20
