300 13
74 28 52 77 81 97 106 108 113 116 120 125 137 155 160 180 195 197 259 301 317 350 354 369 400 424 426 432 435 437 443 451 453 456 473 476 486 491 508 510 539 541 565 568 579 607 608 621 624 639 646 647 658 659 669 674 679 695 739 753 772 781 808 817 833 845 846 847 848 854 859 877 878 907 923 168 29 150 66 125 88 217 107 39 155 163 177 0 189 157 278 165 86 217 45 258 101 128 64 300 263 160 254 53 298 71 173 217 202 270 168 137 76 90 32 155 5 187 286 246 113 287 21 108 4 95 266 159 137 151 294 294 115 157 1 181 95 40 198 68 140 37 126 237 214 141 89 233 241
82 1 18 29 35 38 51 65 81 99 103 104 117 130 132 142 175 190 195 219 246 274 279 288 289 290 318 320 323 324 325 337 342 346 350 359 362 381 389 405 406 418 420 424 425 432 441 452 484 500 514 534 545 553 555 569 581 598 626 638 650 658 672 693 712 713 745 752 764 769 778 786 787 801 813 815 833 846 853 862 888 962 994 189 112 296 251 258 25 55 131 0 228 89 266 296 293 101 115 44 122 50 12 200 162 2 44 278 243 219 167 16 150 51 297 134 264 187 192 187 84 292 148 296 131 218 274 67 299 160 128 128 133 241 145 52 69 47 35 102 292 167 84 250 107 91 147 259 168 165 120 158 29 296 98 227 3 72 98 63 7 74 123 191 166
37 33 40 65 98 131 152 185 226 230 281 287 350 357 369 415 425 436 463 503 523 563 572 616 644 660 700 708 756 757 789 846 917 939 960 979 994 996 164 43 104 83 154 168 59 23 6 193 216 167 95 16 166 1 150 92 82 224 77 174 282 238 5 270 68 35 284 254 45 94 278 285 291 114 187
25 28 58 62 129 209 219 232 281 356 357 365 390 438 447 478 546 555 576 578 623 670 734 803 832 863 104 213 60 156 182 293 274 185 132 151 118 138 280 165 52 132 266 215 227 265 166 192 99 90 181
75 50 58 61 63 73 96 106 139 144 153 168 176 186 247 254 263 267 270 280 303 324 334 337 348 353 363 367 370 395 399 454 455 457 458 465 468 475 498 504 508 520 529 540 541 542 551 583 593 594 616 632 636 648 662 663 678 704 715 767 773 809 825 862 871 892 901 909 932 938 947 951 974 980 991 999 229 3 140 126 171 205 162 70 192 249 280 55 103 120 201 256 287 182 202 212 81 38 269 139 36 154 17 286 232 237 292 219 246 297 228 31 140 144 279 255 155 271 76 146 100 147 156 84 211 26 182 73 289 272 158 294 235 159 135 5 283 38 238 192 75 124 10 22 218 110 251 293 134 156 127
44 16 48 49 106 151 155 165 168 201 203 208 277 279 328 339 345 347 379 389 454 459 503 539 546 552 594 613 632 646 669 700 738 739 750 752 786 792 827 830 848 861 904 946 986 88 284 40 240 161 67 191 140 116 273 95 164 174 188 130 105 87 59 81 145 178 165 184 116 196 230 40 258 91 216 271 259 187 290 134 46 215 25 199 152 224 244 167 19
90 6 27 56 72 74 84 96 100 112 114 115 128 134 139 142 187 188 191 197 200 202 222 224 230 253 254 257 262 269 270 283 289 290 296 317 319 343 344 359 385 399 421 431 432 436 441 459 465 470 476 492 493 497 517 538 581 583 589 595 610 615 622 630 649 651 668 673 687 699 701 703 719 766 772 810 850 857 858 862 907 916 917 944 948 964 970 976 983 994 997 89 98 123 11 273 198 200 69 17 76 88 199 162 178 192 132 226 4 135 151 193 10 30 153 244 150 209 179 85 129 299 159 75 274 184 161 99 262 59 144 81 140 268 290 256 70 121 289 139 94 75 28 50 41 234 221 284 234 252 1 146 112 247 199 260 63 195 175 258 254 53 97 201 281 212 105 18 127 26 294 293 40 1 284 270 7 211 87 49 166
58 45 47 110 125 130 152 160 162 180 185 193 242 293 307 320 326 328 356 359 362 389 404 423 430 439 463 520 561 562 563 566 577 583 640 644 696 699 701 715 734 749 752 798 809 822 825 874 880 894 916 918 923 926 936 939 942 952 981 259 90 288 188 209 177 256 276 38 14 281 7 88 284 187 212 164 113 252 32 152 2 240 0 154 183 278 161 64 136 132 93 8 277 29 165 21 144 172 55 49 284 35 148 96 272 5 134 29 285 133 160 251 46 259 198 106 141
16 135 188 323 332 383 394 409 415 457 460 614 635 672 776 855 945 297 246 121 195 139 30 198 220 123 15 159 105 252 158 5 120
48 48 72 87 95 102 103 122 218 222 237 250 254 287 293 296 311 317 323 380 418 427 444 445 459 460 468 482 485 495 522 551 568 572 602 631 694 714 782 783 836 843 853 857 858 894 928 980 982 252 48 283 19 251 10 76 36 71 187 182 72 96 241 191 122 197 105 86 217 18 142 144 46 88 85 156 295 42 168 16 156 28 18 124 48 64 258 150 125 115 215 76 1 62 52 298 149
5 78 194 517 616 900 291 292 99 81 124
97 8 20 34 36 41 42 49 51 52 80 87 90 95 96 112 127 133 157 163 181 228 246 250 277 278 282 285 286 293 306 312 326 330 349 350 351 357 364 390 401 404 406 409 430 438 442 451 458 460 462 478 498 502 535 537 541 545 552 562 570 577 579 580 584 601 603 642 657 677 680 688 703 711 756 763 767 793 795 806 822 843 844 851 854 901 906 908 917 918 921 925 970 971 977 979 982 996 261 232 225 210 220 67 295 261 56 275 22 44 231 198 52 9 223 65 159 60 264 124 6 160 175 183 227 235 191 102 23 261 135 76 291 71 256 105 216 87 258 192 27 96 285 18 108 130 251 260 167 220 297 261 147 181 20 255 56 37 275 17 109 64 231 193 296 179 163 147 280 272 163 71 197 294 35 36 158 58 252 176 250 271 91 192 163 200 267 223 91 296 131 221 86 300 37
58 10 14 22 40 47 49 65 77 122 131 154 155 177 181 222 233 245 251 278 312 324 362 393 404 409 416 421 459 493 514 524 528 537 564 587 593 625 631 632 643 672 729 733 741 766 796 809 810 812 851 852 894 942 946 957 971 975 995 29 167 32 243 118 94 190 119 246 239 220 27 60 256 239 194 211 15 106 100 184 4 191 218 299 25 97 274 292 160 27 20 24 22 227 280 130 222 38 104 37 212 11 59 62 151 293 196 244 45 22 223 214 223 6 267 4 77
87 21 27 31 33 36 73 78 97 109 114 120 132 137 140 144 147 150 152 162 169 174 182 183 191 194 197 203 205 212 238 243 273 274 281 285 288 297 335 363 366 391 405 416 446 451 458 459 465 484 485 490 494 495 524 536 541 544 589 597 614 618 628 655 659 673 679 689 691 695 697 698 710 715 723 736 777 815 823 853 898 928 935 942 944 958 978 985 185 248 89 109 205 197 199 67 110 234 235 293 195 53 83 2 76 156 272 296 56 168 209 108 102 284 213 298 178 162 45 196 145 13 186 153 293 73 7 273 203 229 198 195 86 245 168 81 162 41 152 271 16 176 147 293 144 286 91 271 255 278 222 226 81 191 162 44 28 276 161 132 264 224 220 251 136 214 223 100 156 244 175 225 36 25 11
