300 39
71 31 35 49 51 54 55 61 73 74 98 114 123 151 152 195 212 224 231 243 248 250 256 276 289 307 311 322 333 347 369 382 393 394 397 452 453 470 474 482 502 513 537 561 590 609 619 621 646 657 664 665 676 680 727 751 767 768 793 816 826 828 846 882 892 909 927 948 961 975 989 998 109 24 201 197 97 114 45 131 261 134 17 110 223 74 0 126 292 75 179 195 5 63 247 94 286 15 69 87 47 252 108 42 83 75 8 230 264 46 64 278 191 21 34 179 51 90 272 19 160 230 285 90 55 146 263 34 71 157 3 152 197 92 217 76 259 121 68 15 195 47 47
50 13 29 37 85 108 123 136 149 154 157 164 166 168 187 222 227 237 267 311 312 361 370 390 394 461 473 495 515 536 557 565 585 586 642 656 657 691 703 706 709 805 810 825 842 877 893 922 961 962 972 236 70 181 134 161 53 122 193 74 78 189 181 204 15 26 84 94 152 103 39 194 273 44 277 192 251 297 10 27 243 149 192 227 185 292 96 105 300 186 92 286 288 152 121 291 229 40 32 65 62
75 9 28 36 54 70 72 80 83 125 128 144 152 173 174 213 218 221 241 247 253 266 278 295 306 321 348 379 384 393 396 419 424 437 442 447 463 469 472 475 490 510 522 535 544 564 568 576 581 582 584 595 596 600 622 628 647 650 661 665 698 703 705 708 743 750 763 773 807 848 864 873 931 936 940 958 249 195 239 14 37 275 242 136 168 88 268 30 191 72 282 122 94 46 146 213 227 134 263 57 233 258 222 262 289 140 208 278 216 1 122 124 140 48 212 36 199 235 27 229 240 128 11 128 92 177 25 7 1 55 118 247 203 11 220 141 21 203 183 99 272 143 199 123 63 59 205 268 28 15 112
21 34 67 93 152 220 258 264 437 474 524 560 594 647 688 773 855 862 910 939 974 981 110 3 222 291 191 157 64 278 136 154 4 1 213 19 59 152 204 264 104 126 170
72 4 34 48 94 108 135 154 164 197 205 220 221 228 248 252 292 303 336 345 349 354 361 368 373 401 410 450 473 503 505 506 510 513 532 534 572 581 619 635 643 647 649 654 663 690 701 702 704 716 776 779 786 800 804 805 809 810 824 832 879 880 890 896 898 911 922 946 967 970 972 973 999 18 43 98 123 197 51 246 209 240 165 139 194 150 200 22 216 106 138 56 106 240 54 259 262 277 283 45 259 99 42 142 262 220 81 145 38 266 11 30 13 267 215 165 37 118 230 68 189 166 129 149 175 212 215 190 82 36 299 169 213 180 19 72 300 127 127 175 260 109 71 95 121
3 90 290 717 259 156 44
98 12 20 23 39 44 46 50 54 60 70 77 113 123 141 143 148 158 162 174 181 183 194 197 201 216 243 247 263 266 278 281 282 283 293 301 308 317 329 339 360 365 378 383 407 416 417 418 419 421 445 460 480 483 485 496 516 519 522 523 537 558 567 573 577 580 590 611 612 614 620 635 645 654 656 692 702 729 748 759 775 777 797 801 805 826 837 844 845 864 865 872 873 891 895 915 924 930 949 232 263 282 52 84 212 255 290 72 296 85 259 191 144 270 231 66 273 250 247 175 300 143 268 23 75 108 63 205 39 23 175 233 292 54 56 65 236 207 294 260 230 276 246 135 241 58 169 138 203 41 211 197 280 160 237 59 11 250 78 123 36 292 274 136 77 225 73 29 222 70 209 179 38 202 132 82 64 233 242 157 149 136 283 274 151 232 164 37 286 178 36 66 43 135 80 264 108
63 10 92 109 114 124 132 146 153 156 158 183 184 193 201 205 220 227 259 263 277 283 284 298 299 327 336 378 423 489 505 522 537 546 548 589 591 597 605 606 622 623 646 650 652 664 667 684 699 702 706 720 731 756 866 883 913 917 931 934 964 966 971 987 97 205 55 129 7 252 187 179 101 77 13 214 117 136 134 45 75 234 116 186 204 137 160 116 111 23 41 4 275 132 270 249 111 296 281 182 14 4 156 120 62 75 99 163 202 163 152 8 14 106 12 264 70 286 82 73 166 33 171 179 276 215 131
32 20 27 34 39 130 142 209 258 293 326 334 409 439 483 532 537 569 576 592 621 655 663 705 764 781 840 856 888 897 941 947 972 216 193 104 41 168 63 18 171 74 178 195 239 30 202 283 39 60 116 90 265 254 14 162 216 249 265 147 259 264 170 258 194
1 634 299
66 14 44 57 65 81 104 116 119 122 148 183 185 222 226 240 241 246 263 286 306 309 315 332 336 338 342 472 491 494 501 508 536 572 589 614 624 627 633 656 676 694 716 730 732 734 747 762 791 795 808 816 837 838 840 841 862 865 877 884 921 923 925 930 944 978 983 96 99 86 109 298 254 152 25 151 191 8 52 181 82 48 234 162 179 26 174 109 116 56 87 67 34 263 50 94 96 114 88 98 119 55 287 200 135 27 281 20 28 230 247 185 266 187 0 272 88 27 299 186 23 117 162 215 296 13 75 168 229 8 31 274 197
25 71 107 150 164 196 206 235 248 294 356 414 467 505 598 653 662 687 720 736 812 816 853 870 911 974 207 242 222 111 255 184 248 145 75 58 79 73 12 161 235 78 43 137 247 96 153 262 19 97 161
35 4 22 42 70 115 129 199 208 210 225 238 261 292 321 345 371 377 457 529 531 560 591 623 631 638 660 678 697 720 803 833 877 881 935 945 93 231 165 122 90 67 4 16 139 194 28 191 210 178 124 171 270 124 34 294 212 115 40 218 45 214 36 196 127 88 255 148 184 86 246
30 39 42 95 179 218 286 301 303 343 349 383 388 391 406 419 472 513 548 569 583 589 610 675 769 788 862 876 889 948 986 34 139 239 101 276 88 13 111 173 244 130 66 258 38 54 80 126 25 51 172 233 33 91 57 280 173 285 167 227 92
31 16 27 66 169 249 298 314 336 356 360 363 368 400 503 513 521 546 588 611 683 722 730 736 748 810 814 829 839 897 943 997 77 78 283 20 128 50 244 79 84 192 182 256 173 179 178 260 185 167 123 251 146 170 270 137 269 44 197 219 118 246 166
80 4 6 13 14 21 61 63 75 96 115 131 158 187 196 207 220 233 253 262 277 280 289 293 322 356 361 372 383 399 418 419 454 461 477 486 487 494 503 519 537 538 569 603 616 620 633 650 682 698 706 709 714 719 724 750 754 758 766 768 798 814 826 834 835 842 844 860 863 901 922 924 941 943 946 961 964 967 968 988 991 149 9 82 189 104 171 135 118 29 282 134 57 291 224 105 80 255 278 226 34 7 3 226 178 67 233 116 84 55 13 268 190 89 97 185 158 126 51 159 269 25 156 25 34 281 254 279 90 88 167 185 131 177 282 151 158 126 127 206 241 53 239 137 125 224 206 118 188 216 152 62 251 232 103 92 236 88 260 259 232
17 50 74 107 130 139 182 225 230 232 323 558 674 693 847 886 937 940 79 178 126 46 188 105 180 169 190 86 13 123 42 162 168 263 124
40 1 4 73 76 101 171 186 189 237 258 266 311 335 352 371 377 408 516 520 527 573 590 603 605 616 657 709 711 738 739 747 749 774 777 804 825 861 895 898 921 198 167 252 207 131 296 242 253 146 142 249 220 268 96 14 19 249 98 130 298 15 13 40 129 137 205 261 256 134 99 176 47 193 224 75 291 146 104 156 91
85 9 19 22 35 41 44 51 52 53 67 100 101 102 104 115 126 142 160 161 168 172 189 197 203 215 217 244 245 248 274 278 279 286 306 308 318 321 329 341 342 352 397 402 408 411 425 429 439 462 470 478 482 514 530 621 683 690 695 699 738 752 754 762 772 776 777 784 803 804 814 824 825 846 847 848 868 874 885 899 900 926 942 950 962 993 256 104 209 105 224 224 287 110 93 167 80 184 57 153 263 79 243 190 25 136 28 197 281 90 215 98 194 137 292 171 209 194 108 251 20 259 272 14 58 22 287 176 22 153 116 35 274 133 280 81 133 142 130 188 206 1 240 188 44 106 235 237 155 267 93 89 168 131 78 215 224 264 263 159 161 77 3 113 188 134 247 257 34 141 80
73 2 5 8 14 17 18 28 35 40 73 74 89 112 129 140 153 188 200 215 240 272 281 298 327 338 340 348 354 359 364 374 381 386 391 401 408 412 414 469 471 512 537 547 576 582 584 609 610 612 626 627 631 651 661 680 688 698 703 720 747 781 782 803 826 828 856 864 873 875 884 930 965 993 110 192 255 130 200 19 212 71 253 92 27 33 86 205 170 122 203 245 193 208 248 32 58 108 289 248 146 50 126 129 23 285 48 52 153 222 283 50 2 84 282 47 221 209 196 11 109 136 250 221 32 133 89 218 88 88 212 144 142 17 91 176 139 243 271 35 105 196 89 196 127 56 250
96 10 17 25 31 37 38 47 54 56 76 78 81 111 114 130 132 140 148 149 193 195 202 225 246 247 265 268 275 291 299 301 306 307 330 336 366 384 401 405 421 432 438 446 451 491 520 522 548 563 566 567 570 572 591 601 605 624 645 656 666 678 685 687 693 696 715 719 728 739 746 766 778 818 820 833 846 866 870 876 897 899 906 914 918 921 924 926 935 938 939 950 966 973 978 983 994 259 39 5 215 107 30 176 21 150 139 211 241 22 189 19 93 288 29 299 49 107 272 75 48 195 101 234 57 155 196 265 262 50 154 132 31 222 237 39 96 211 153 98 209 289 36 257 6 105 207 300 37 136 226 40 31 227 19 171 27 194 39 122 121 246 243 126 262 126 270 261 118 181 215 53 171 74 94 256 128 82 251 153 268 267 182 86 60 233 226 281 272 156 166 162 278
64 20 48 61 80 137 160 165 202 210 214 220 227 238 265 293 303 315 344 410 459 483 494 500 501 566 591 601 604 624 644 662 666 675 676 683 686 702 705 719 724 726 763 765 768 771 783 787 801 802 809 812 814 818 827 832 884 892 909 917 940 942 945 965 994 21 95 163 159 221 100 209 262 286 62 289 63 65 147 154 249 112 186 201 240 174 19 205 131 253 126 281 294 180 289 25 6 1 226 56 11 205 23 54 271 64 74 148 76 100 287 200 116 266 85 277 119 148 198 62 119 221 50 259 94 112 146 14 130
100 9 15 39 44 46 50 124 136 137 140 143 150 188 212 213 229 232 238 259 261 264 276 279 282 288 299 304 311 312 330 331 333 347 353 363 367 394 404 406 411 431 436 445 462 470 479 494 497 505 506 517 519 521 537 547 548 562 573 582 599 602 605 624 626 628 646 658 665 674 677 687 695 708 718 748 749 753 785 790 815 833 847 848 852 853 858 864 875 885 899 910 918 923 932 934 937 950 974 979 984 113 174 67 181 75 103 222 60 24 153 184 33 54 199 55 149 156 69 48 267 232 281 248 33 172 21 285 125 250 160 62 199 225 28 191 290 49 96 204 207 164 78 125 239 291 61 113 14 31 18 91 288 296 261 130 20 73 186 4 210 215 189 137 21 144 300 145 46 179 118 158 110 65 1 57 135 71 150 206 23 238 218 62 209 215 144 97 19 50 289 69 70 130 240 30 41 129 168 128 49
69 5 41 56 76 83 103 113 149 157 168 181 192 201 225 250 256 273 278 285 299 320 350 356 397 415 421 423 425 428 440 443 453 454 456 508 517 543 548 555 561 607 619 627 635 667 672 685 711 734 748 752 788 790 794 800 802 819 885 888 890 892 918 937 968 975 987 991 996 998 166 104 15 217 100 297 71 79 99 120 22 96 123 208 159 116 1 77 259 59 195 171 277 115 142 180 241 219 199 59 205 286 274 85 272 3 192 157 206 162 230 196 106 208 148 178 181 176 57 292 208 139 73 253 56 296 242 125 124 228 282 228 233 19 93 193 34 228 30
53 11 23 36 43 69 74 88 129 138 148 158 179 185 200 211 239 242 300 333 348 412 418 441 456 482 498 500 501 502 537 551 567 570 587 660 664 715 776 810 812 816 841 850 857 867 873 878 888 889 907 932 967 993 156 134 4 8 184 102 12 223 200 39 50 224 112 244 37 65 156 250 100 22 130 130 95 7 53 104 287 28 243 46 216 149 12 172 227 105 68 173 108 233 33 294 90 195 133 159 143 77 185 176 237 16 189
38 11 29 32 34 42 70 129 132 146 179 205 285 335 379 383 410 451 476 491 541 567 588 603 653 677 725 749 785 803 818 840 843 851 864 916 918 921 964 5 224 166 279 178 12 279 40 51 112 198 221 33 98 276 131 270 115 268 196 290 218 287 63 164 81 34 229 96 256 135 121 171 234 102 59 59 130
83 2 8 15 35 60 74 82 96 135 146 159 167 174 205 225 234 241 245 267 271 277 289 297 312 316 324 327 337 344 349 353 363 398 399 430 435 473 477 497 507 513 522 536 538 541 544 585 606 622 628 649 653 657 677 681 697 711 713 747 762 771 779 784 791 793 803 844 847 854 860 880 887 897 916 944 963 972 974 977 979 980 994 997 254 32 172 101 180 80 6 28 203 114 14 237 62 188 84 188 138 83 104 171 117 133 26 156 150 73 225 209 64 242 191 33 151 126 72 81 142 281 154 164 37 118 153 247 106 185 44 0 187 293 7 146 7 293 215 123 189 141 144 143 275 222 17 120 24 61 216 255 264 14 287 63 167 148 185 128 254 25 160 299 287 297 185
1 702 121
65 11 25 36 54 65 68 76 84 144 174 176 189 232 234 272 275 288 304 318 356 361 370 382 383 388 392 403 408 419 428 441 460 478 486 508 516 518 532 541 546 562 567 579 598 619 627 639 652 700 747 756 773 797 804 805 813 818 852 859 890 898 974 979 987 990 263 208 292 52 69 134 238 168 31 89 66 265 142 139 247 241 180 152 185 223 264 251 89 116 4 29 292 203 109 47 115 283 49 269 44 70 193 22 98 122 265 229 33 229 56 177 126 275 81 29 5 247 284 94 71 197 260 151 281 238 247 193 64 85 43
76 6 22 23 45 55 72 73 82 89 108 126 130 136 170 185 199 209 212 215 225 258 259 261 283 293 304 321 339 346 361 399 446 469 477 497 501 507 529 540 567 574 578 581 603 615 617 636 644 651 655 657 671 672 695 712 718 733 737 766 778 781 783 813 828 829 842 857 864 888 889 896 918 919 921 945 978 148 81 67 149 161 203 256 199 195 213 188 173 110 4 81 111 216 154 193 103 62 33 136 138 269 146 1 158 82 209 51 259 185 254 185 260 227 66 42 12 79 53 46 25 55 90 157 90 103 277 174 221 139 177 232 7 205 26 71 270 16 84 210 137 199 181 14 53 68 128 242 266 202 181 300 140
56 47 86 87 99 104 116 160 171 215 231 246 270 290 317 338 351 357 360 361 397 407 408 442 468 473 496 501 518 523 536 579 597 642 649 668 695 696 724 730 742 795 803 833 835 860 865 881 891 901 910 915 949 955 972 991 994 195 23 112 273 59 149 123 6 28 61 50 96 251 123 210 106 230 283 297 249 153 264 217 207 101 293 218 61 98 63 206 134 276 286 169 46 227 128 122 181 189 176 65 243 200 270 180 1 178 208 230 116 71 26 123 256
22 2 126 185 235 288 291 303 321 411 414 584 682 724 750 751 768 847 850 960 961 970 987 250 67 15 260 85 167 284 110 168 43 94 53 53 6 57 36 225 248 164 198 176 258
44 20 24 37 78 114 152 166 242 259 269 304 308 309 320 325 337 341 388 403 410 418 425 431 459 492 505 554 568 595 624 634 650 651 702 733 739 762 775 805 855 925 926 976 986 3 54 295 177 249 180 248 16 70 280 165 185 46 90 256 62 83 175 13 186 236 199 63 4 4 88 227 159 222 29 108 244 50 0 276 110 231 9 32 290 283 218 289 33
56 6 16 18 22 38 53 72 103 132 178 190 212 252 281 296 358 364 417 426 437 443 476 482 484 491 517 519 565 575 602 620 623 629 630 639 654 672 693 707 724 743 755 761 766 772 812 851 857 891 905 912 917 923 937 969 972 221 172 120 165 44 149 4 190 24 45 0 265 126 220 110 7 58 6 69 14 266 8 300 233 196 220 21 52 192 270 218 60 12 23 209 57 131 236 186 243 52 158 138 171 88 292 166 149 171 241 123 285 48 173 228 119
35 26 68 133 155 195 233 235 252 275 325 340 384 394 418 440 448 489 522 576 584 609 634 640 661 678 720 722 727 763 803 851 852 888 900 989 292 11 254 134 264 278 42 116 107 275 231 230 0 275 240 93 236 161 235 161 192 138 46 10 68 141 74 116 107 144 148 289 57 156 177
34 1 16 76 89 98 145 171 188 215 217 267 280 324 354 383 395 406 446 469 470 485 494 512 529 565 630 721 722 735 761 812 833 910 964 55 280 146 264 47 30 62 31 258 195 183 158 95 4 174 204 215 123 211 199 127 143 197 39 155 175 71 164 268 1 119 4 65 263
32 18 29 31 77 105 143 164 205 230 259 264 282 344 485 539 552 574 602 670 725 726 776 810 812 833 870 912 917 938 943 945 993 2 75 206 159 282 57 38 50 198 117 155 287 235 227 280 157 224 293 84 288 30 192 128 22 298 86 29 43 226 161 14 104
81 26 28 67 79 83 98 115 118 120 136 138 159 163 167 172 197 221 244 256 266 270 276 277 286 288 308 319 372 377 390 405 410 413 430 435 466 482 485 492 520 521 525 528 530 550 563 569 599 601 610 617 618 646 693 694 717 719 739 741 745 762 771 777 797 806 810 847 860 895 897 911 917 924 932 933 936 952 965 979 989 996 133 107 189 178 215 24 21 150 203 255 281 188 40 216 70 230 263 180 268 12 224 118 244 67 109 44 198 26 237 32 29 220 113 27 138 178 10 274 54 217 158 284 155 99 264 127 135 189 57 109 240 206 217 144 239 153 32 101 256 191 276 46 262 178 259 105 296 149 1 145 127 205 260 249 80 191 276 200 143 105 266
9 163 244 269 319 321 450 487 798 800 170 236 296 34 2 73 26 100 245
62 8 20 24 95 97 98 121 129 133 135 147 179 184 187 249 251 262 286 297 325 340 404 429 440 474 487 500 501 503 531 558 571 585 607 654 656 664 668 677 709 713 730 731 771 778 780 785 790 793 803 814 818 827 833 854 901 905 911 951 974 980 984 124 241 132 134 199 170 257 159 196 153 199 113 53 173 159 11 148 271 255 155 279 239 103 234 201 206 126 62 42 217 211 60 92 170 14 290 271 281 116 28 2 60 61 175 108 8 43 257 99 160 242 110 172 108 145 137 44 42 271 56 174 18
