300 52
79 19 22 28 40 48 65 72 80 101 117 148 156 157 161 190 208 217 241 252 282 290 305 325 338 339 384 386 393 396 452 475 482 483 489 498 512 514 531 536 540 554 564 565 577 594 598 624 644 645 647 649 670 673 702 722 732 739 752 758 764 778 779 781 793 795 800 808 825 832 840 872 890 897 898 904 932 934 951 989 115 52 261 262 187 66 251 150 157 283 124 106 45 27 63 44 253 50 138 179 176 298 132 32 1 263 23 12 288 163 107 77 166 117 271 85 125 7 271 196 62 15 86 141 145 146 26 6 153 202 136 248 163 16 277 143 237 46 223 274 73 84 287 244 151 273 284 104 111 287 25 171 109 260 274 270 250 97 99
21 22 25 26 77 101 177 226 320 365 419 446 499 639 647 710 727 866 907 910 940 972 47 69 115 23 9 104 32 137 174 206 214 18 99 235 2 199 71 115 79 208 294
83 12 23 70 71 98 105 121 136 143 160 165 171 172 185 193 202 205 221 222 223 224 236 246 257 283 290 291 302 305 307 319 320 321 373 374 379 382 396 409 437 439 444 446 447 462 478 481 482 522 526 546 549 561 607 619 622 646 653 663 669 670 674 750 756 798 804 826 839 850 869 874 901 903 910 946 962 967 970 981 983 984 988 994 130 236 231 166 87 185 267 240 98 173 62 285 114 72 236 128 159 276 53 0 69 280 7 52 25 183 196 285 114 69 143 234 17 59 53 274 72 95 105 186 21 90 134 224 265 94 183 45 212 19 92 49 172 289 199 123 83 21 40 206 39 256 278 222 287 253 270 53 51 188 158 54 262 176 216 142 122 44 88 37 185 115 229
94 21 39 46 58 67 74 80 98 108 114 124 143 146 147 152 173 190 194 195 196 210 237 280 298 301 308 324 366 396 408 463 465 468 481 483 490 494 497 501 515 523 536 543 549 551 564 571 572 578 583 606 663 669 671 673 680 682 695 701 705 706 712 725 727 737 752 755 764 774 779 788 797 802 804 808 830 831 837 842 848 853 863 864 871 877 878 888 915 922 932 944 956 978 994 238 164 128 214 69 109 112 277 269 196 205 286 253 200 155 252 298 249 291 221 186 44 71 178 254 9 176 23 246 23 163 121 224 70 209 130 169 13 17 31 264 188 21 186 143 61 251 97 232 12 75 187 192 198 73 10 271 51 69 10 30 3 119 265 270 238 200 243 16 99 246 29 152 295 70 9 87 169 53 189 142 288 44 55 120 145 139 65 26 110 258 109 189 25
60 11 24 51 53 95 111 118 119 151 185 192 210 226 235 266 295 330 402 403 407 408 433 447 518 531 536 550 553 594 601 639 641 644 668 686 689 690 717 726 729 734 736 746 748 770 782 807 818 858 889 895 896 903 908 910 921 924 975 983 988 278 190 82 36 214 288 130 99 163 236 3 290 186 271 121 222 71 221 61 5 255 202 220 11 51 97 184 241 154 281 124 94 51 252 42 124 183 51 101 203 199 54 64 222 213 68 208 200 18 198 233 160 219 55 48 137 280 98 153 241
68 12 31 42 52 62 67 75 100 113 114 116 122 143 145 186 194 201 233 259 273 276 278 308 313 316 321 335 336 350 366 390 393 402 404 411 449 450 467 476 507 517 565 580 631 675 679 688 722 740 748 755 765 776 806 829 848 851 867 869 871 872 876 898 902 941 945 947 952 96 294 179 77 144 249 207 45 270 285 183 257 4 196 207 30 187 169 40 255 288 80 273 294 269 223 272 76 145 218 220 147 119 107 203 122 237 237 82 270 26 33 292 151 210 16 163 276 212 55 159 177 261 33 10 191 71 80 14 297 33 117 124 76 279 85 294 136
15 47 138 148 188 192 201 347 360 400 403 543 652 731 760 918 239 8 110 167 30 251 99 163 157 288 46 258 99 159 122
94 11 23 37 39 64 90 103 117 122 138 153 155 158 167 209 211 258 261 270 291 294 308 315 320 322 326 333 337 340 343 355 381 384 389 390 391 394 420 429 437 448 454 500 516 518 529 538 551 578 580 584 588 589 599 607 615 624 627 632 635 659 682 694 695 696 704 705 724 725 755 763 764 766 772 784 789 791 795 800 808 818 831 833 836 845 861 866 898 929 930 942 947 963 993 88 283 174 38 55 286 214 299 46 185 10 182 213 208 232 37 6 209 29 145 130 62 233 169 19 135 61 175 120 141 56 121 248 247 152 140 132 22 110 1 247 169 142 85 214 174 79 158 38 226 82 130 113 273 199 175 191 263 119 286 156 21 278 159 279 26 287 288 281 41 246 75 214 119 179 188 108 138 155 283 106 243 119 31 138 257 8 95 60 182 230 274 6 194
16 43 83 109 160 253 277 280 285 357 430 450 518 553 580 706 788 6 65 247 108 133 235 293 119 128 280 33 212 260 51 34 293
93 18 19 37 56 71 102 105 116 121 132 141 149 152 153 163 175 194 204 205 219 236 264 272 276 295 331 334 342 343 372 379 388 403 407 415 416 421 428 433 446 450 463 480 481 494 498 506 508 516 523 528 535 542 544 548 567 577 588 607 628 629 634 635 636 665 667 716 718 731 735 760 765 784 797 809 811 823 834 856 857 871 880 888 890 891 896 906 916 924 941 983 989 993 253 265 30 24 229 289 143 103 113 38 193 140 216 220 203 256 212 234 252 203 214 183 102 3 41 84 195 69 168 120 32 155 279 42 55 200 70 70 233 255 288 143 258 139 208 253 6 132 239 248 17 236 255 88 182 151 33 263 99 231 260 153 210 180 7 158 46 212 125 32 19 229 279 254 165 7 73 54 197 163 102 100 239 100 38 116 61 297 286 57 107 235 250
91 29 41 49 79 90 107 109 122 131 228 231 233 263 314 318 327 329 333 352 353 354 355 358 397 399 401 404 416 421 425 428 434 439 447 450 453 458 462 480 494 512 535 548 557 560 580 587 606 615 616 621 623 631 636 637 648 651 659 660 682 689 693 700 701 704 721 734 746 748 764 777 791 800 808 809 820 823 832 837 843 845 851 859 901 902 904 920 925 951 956 995 75 261 155 282 216 61 234 286 199 147 176 168 5 103 251 201 162 119 81 77 178 37 137 66 43 245 232 32 267 90 54 4 72 217 183 10 221 7 259 146 164 229 29 61 62 0 299 139 87 261 92 88 120 284 182 298 124 13 238 235 259 176 99 49 39 24 77 37 233 178 57 271 253 132 91 198 174 237 143 253 249 207 82 239 222 14 7 194 50 208 231
37 3 39 51 57 62 78 87 103 106 107 147 256 269 270 303 332 348 358 395 415 422 450 560 568 571 659 660 703 707 721 755 772 785 791 834 866 984 161 136 220 6 219 188 169 259 285 129 102 26 171 39 155 173 202 25 39 130 216 136 166 252 27 39 142 103 265 164 120 147 121 229 196 232 45
77 16 43 48 93 101 103 108 122 140 151 157 173 185 191 193 213 234 243 244 248 263 281 311 315 320 328 335 351 359 373 391 439 440 457 474 477 481 495 512 527 534 545 546 554 556 581 592 594 626 639 647 679 689 690 699 709 744 781 803 807 814 824 826 828 833 836 848 861 870 901 933 938 954 968 991 995 999 192 225 59 208 1 35 33 20 41 231 97 221 265 201 122 166 29 276 141 48 197 211 255 17 281 240 181 191 259 245 172 109 197 257 29 300 26 157 185 75 50 300 246 48 251 165 208 112 251 20 65 201 71 3 289 66 124 224 77 247 7 143 114 227 60 295 240 104 185 53 254 139 286 183 216 260 90
5 131 436 509 612 659 173 204 210 129 11
96 1 3 17 19 23 28 30 50 58 59 69 88 99 116 143 162 208 219 225 226 235 240 245 259 265 278 281 289 295 299 306 332 334 360 375 376 382 389 399 416 420 421 455 475 481 501 508 522 527 530 534 536 545 569 623 624 630 644 645 646 678 683 684 689 694 697 715 732 746 750 762 775 789 799 800 803 808 840 843 849 858 877 885 886 906 908 930 933 940 951 955 963 965 968 977 984 222 237 15 63 176 199 251 246 69 278 18 215 240 247 135 251 114 78 3 142 127 19 115 160 175 180 28 15 202 98 135 138 1 227 206 32 187 115 160 177 142 26 297 225 142 89 79 85 48 24 292 71 39 149 252 11 297 54 229 48 66 130 259 13 268 232 255 109 94 67 186 198 76 126 66 182 271 170 62 178 16 84 60 241 91 146 132 62 262 263 110 241 87 63 49 112
37 51 80 133 165 171 187 200 233 278 304 309 397 402 421 468 518 519 520 532 535 542 557 586 609 635 659 661 717 734 764 808 809 810 829 898 910 935 37 211 75 5 256 144 300 263 148 87 119 144 77 169 53 44 183 191 199 72 276 59 32 62 87 150 117 38 143 141 84 243 256 156 94 107 248
10 40 184 259 425 437 600 686 838 856 900 99 7 225 246 51 179 38 287 259 94
29 74 107 144 153 166 178 236 286 375 422 477 488 494 566 577 589 673 750 809 813 888 902 903 907 954 962 973 990 991 291 222 43 98 30 178 4 180 9 235 46 259 243 288 120 213 222 109 244 60 65 168 57 113 46 106 53 218 141
66 35 109 110 115 149 174 195 200 239 253 259 262 267 270 282 298 316 321 347 348 353 370 374 381 383 416 449 451 454 460 461 464 475 486 504 529 547 554 571 574 582 599 631 665 667 712 739 749 761 768 769 781 790 796 817 833 843 846 879 880 884 920 924 929 959 996 134 156 137 285 216 251 69 102 70 296 257 12 259 20 218 225 30 53 210 47 129 276 104 299 167 137 182 87 126 193 159 165 230 202 158 204 229 127 202 146 15 298 87 258 154 35 10 104 43 54 68 154 214 190 145 261 99 55 241 117 97 34 267 198 4 73
7 146 309 310 465 486 586 904 244 232 273 43 137 2 216
6 354 517 553 606 854 878 92 144 38 12 80 163
9 15 52 176 318 392 464 556 667 967 59 89 101 42 70 240 40 12 191
83 6 20 25 29 31 35 39 47 53 70 80 102 106 108 117 135 137 139 153 170 183 187 195 215 224 237 254 277 293 310 314 315 324 330 335 344 395 412 419 422 440 454 479 490 501 503 507 523 537 587 591 596 604 611 624 680 684 688 704 709 759 775 778 785 800 810 841 848 849 850 856 861 863 867 873 884 899 909 927 953 959 979 991 84 300 155 281 12 229 160 190 283 296 19 101 57 111 230 161 57 78 177 217 13 269 288 30 138 222 123 244 145 241 71 75 269 81 248 50 173 7 159 79 284 2 13 176 17 217 195 286 182 67 101 289 74 90 222 273 90 223 192 223 52 259 123 225 293 236 270 7 235 228 195 104 256 107 52 108 8 166 229 250 197 22 5
20 131 242 258 363 448 473 500 546 575 576 577 583 665 802 843 860 892 917 960 978 200 266 197 60 64 134 20 282 156 236 247 279 216 278 132 226 285 247 182 19
37 3 12 21 41 70 83 129 140 219 258 260 285 378 422 461 481 499 515 533 571 573 616 647 653 654 656 763 788 789 793 810 843 846 856 904 972 983 219 131 58 88 77 188 181 20 163 268 176 41 125 248 227 100 77 107 91 213 31 96 207 272 276 105 43 122 55 126 144 202 199 116 124 273 149
87 7 35 36 37 49 85 93 95 98 126 140 146 166 173 204 225 227 244 246 253 257 286 288 316 320 324 335 361 371 378 405 415 428 448 465 477 486 490 522 529 546 548 551 559 582 592 597 615 617 624 625 642 653 655 673 693 695 710 718 734 740 741 751 756 762 780 802 826 832 841 846 851 852 874 883 897 921 926 933 936 945 950 964 967 975 982 989 34 133 5 104 142 89 210 159 105 146 40 5 97 258 233 30 144 145 192 33 262 233 57 16 24 1 276 219 225 162 300 213 256 5 49 155 170 163 191 101 121 267 284 257 120 259 23 19 156 193 94 238 11 71 148 167 245 18 254 208 294 4 261 292 80 166 127 127 296 266 190 288 264 234 270 20 78 212 242 290 3 33 14 135 276 223 62
10 31 238 279 331 372 457 628 705 848 971 37 157 296 214 120 105 275 280 47 216
5 63 234 242 442 853 163 33 181 8 211
97 2 3 5 23 26 28 39 45 52 58 68 103 116 121 145 151 152 155 160 163 165 173 227 231 236 239 242 255 260 282 326 377 381 393 398 414 420 423 442 443 447 458 461 470 473 474 475 486 497 498 510 515 517 518 531 533 548 555 569 579 601 608 623 633 637 640 658 671 677 684 706 709 712 716 722 735 742 767 770 773 777 797 803 809 820 823 827 841 850 852 860 939 955 963 969 980 982 203 167 39 58 284 164 208 62 269 269 48 298 106 20 122 121 181 119 148 79 86 79 151 227 109 53 117 16 164 101 68 234 226 134 4 176 206 78 139 113 32 0 93 189 298 177 80 278 137 152 129 34 91 212 64 107 33 189 52 126 123 211 223 216 176 238 273 178 179 273 156 194 123 61 9 120 216 203 276 112 203 171 281 92 81 264 258 246 160 254 263 227 150 92 74 286 299
84 8 25 35 43 48 51 55 83 115 127 141 179 191 198 207 240 243 259 261 273 276 279 288 290 291 294 296 312 336 342 379 402 404 458 473 476 488 489 501 536 562 563 568 583 585 594 614 649 675 686 705 712 713 729 730 742 749 767 771 772 773 793 812 813 814 819 835 836 843 851 880 884 887 893 916 919 934 936 937 946 947 954 977 995 227 276 31 165 289 121 8 160 5 260 178 67 188 243 247 17 298 163 237 213 184 278 288 236 109 114 276 38 209 216 171 202 282 109 236 133 276 85 296 22 108 291 41 251 229 24 26 55 247 62 117 234 101 9 100 224 110 197 215 187 97 119 233 121 142 296 195 147 223 18 240 97 252 76 297 183 252 132 13 200 69 265 157 255
24 8 24 71 83 98 114 116 167 248 268 310 325 350 487 508 610 646 657 671 798 824 890 905 991 174 62 285 293 171 58 267 219 41 154 149 148 89 40 288 163 94 75 152 121 130 251 104 122
68 5 34 42 46 53 68 93 105 109 120 137 146 168 189 230 235 246 259 273 299 310 333 337 341 367 387 392 396 413 416 422 435 467 468 476 487 491 499 512 516 523 526 549 550 567 581 595 608 618 619 661 687 708 716 752 768 770 789 806 822 846 866 875 897 903 913 956 989 130 46 103 68 104 157 206 228 216 105 176 190 259 50 153 22 41 116 183 149 138 81 33 32 117 254 89 289 6 238 230 127 0 16 127 186 202 149 118 269 100 278 120 218 276 50 83 297 101 231 67 36 67 239 66 236 222 218 284 152 290 256 35 276 9 17 63 123
69 13 23 32 66 80 101 105 120 122 154 180 186 194 195 200 218 220 229 251 291 310 319 371 377 378 379 389 394 424 475 496 497 506 525 539 561 576 598 600 602 603 611 633 645 661 687 707 709 710 724 750 780 787 792 805 815 829 834 837 881 904 927 928 937 946 950 957 977 997 42 161 179 271 215 246 12 2 195 222 258 267 46 85 297 278 288 78 74 75 3 95 72 179 85 156 129 105 149 264 57 243 161 213 258 46 135 276 144 246 16 74 47 119 182 74 214 73 231 134 32 43 201 57 225 184 107 206 58 262 14 99 215 230 300 78 94 26 10
61 11 17 28 34 40 48 49 73 80 103 119 122 124 128 132 133 166 248 281 309 335 352 362 371 375 378 379 393 451 456 464 512 513 514 563 568 579 588 589 608 612 622 648 656 659 704 760 778 816 840 841 859 863 873 878 880 882 892 961 988 999 144 90 31 16 10 178 264 95 226 151 162 229 179 300 238 19 98 264 30 202 291 83 99 65 57 61 60 263 80 299 202 223 136 150 165 163 133 191 261 18 257 252 211 230 63 129 161 191 96 174 40 147 108 202 43 108 300 22 287 10 208
90 15 21 59 60 104 125 127 146 161 169 175 184 186 188 194 208 226 252 266 292 294 329 332 357 379 383 388 415 418 419 422 442 463 466 469 477 482 485 497 502 516 543 552 584 614 615 620 637 640 662 668 683 690 698 712 729 732 741 742 751 754 767 769 774 775 787 791 796 810 825 834 838 846 852 863 865 866 872 875 885 886 904 922 924 932 952 961 962 981 994 300 243 140 178 248 292 202 157 65 132 47 163 116 151 202 110 180 115 148 228 199 275 94 27 222 281 39 165 84 238 252 225 278 250 58 223 46 172 210 2 153 12 79 225 189 57 146 22 128 252 275 120 41 70 267 127 89 228 43 57 189 74 65 245 238 122 162 268 125 297 51 37 87 14 35 45 113 123 95 31 259 69 213 40 262 85 128 248 153 127
50 3 28 35 36 39 53 81 83 105 128 132 174 190 214 226 278 283 318 378 380 387 403 420 491 496 511 536 559 588 595 605 610 669 681 686 742 754 760 782 786 812 813 822 847 850 920 926 957 960 963 86 184 91 101 256 45 151 87 146 104 97 143 19 100 134 273 26 210 151 162 193 53 173 58 236 299 300 261 163 203 11 195 66 35 210 40 66 14 34 261 106 124 117 185 54 181 138 60 262 96
8 145 189 197 204 394 649 685 779 270 164 137 223 254 93 70 135
70 16 35 51 80 87 102 126 134 137 161 171 178 179 182 191 210 236 242 276 278 279 288 290 291 298 299 307 322 351 355 396 411 446 465 478 492 504 507 519 527 560 575 581 588 601 624 631 643 654 655 670 678 696 728 734 750 761 780 798 802 862 877 908 918 920 926 928 947 952 972 32 29 185 170 28 40 65 174 233 173 243 154 121 147 185 161 84 158 212 135 172 227 44 137 233 89 159 296 112 175 0 184 134 196 33 211 221 106 144 168 85 170 79 18 295 56 280 69 11 285 117 188 53 80 298 275 61 44 280 220 285 207 138 12 202 250 203 0 249 275
75 1 6 8 17 27 35 54 64 94 117 157 167 176 181 188 203 220 236 238 251 261 265 268 272 293 299 334 371 399 422 434 444 452 498 524 529 543 555 557 568 584 587 588 619 630 631 661 706 714 723 733 749 756 766 769 813 819 820 834 851 874 876 885 894 905 915 935 941 954 956 962 968 980 987 991 192 0 219 175 93 166 165 81 226 45 254 150 108 208 198 271 121 246 251 294 268 76 73 263 187 113 73 119 256 89 204 157 241 167 54 10 286 226 25 7 10 57 55 253 164 16 25 137 293 12 68 24 8 275 274 270 23 76 244 35 160 42 216 45 29 47 289 23 93 40 106 181 28 119 159
33 34 91 134 163 207 233 241 248 250 272 277 326 420 444 507 522 527 559 566 569 582 638 646 744 759 762 780 789 791 824 856 928 960 101 300 176 136 95 277 32 293 102 119 148 277 194 48 94 225 118 218 187 271 21 38 130 109 287 189 222 300 68 84 287 27 143
57 4 6 8 13 30 56 57 65 80 81 97 111 163 167 203 209 250 280 284 320 345 346 390 393 395 411 413 487 489 505 509 545 549 568 581 603 612 629 637 658 679 728 761 770 776 806 808 859 866 917 928 935 942 948 956 959 974 138 280 74 87 49 254 270 249 176 208 146 283 209 120 253 134 108 267 49 28 283 122 59 174 261 160 23 119 76 253 51 235 53 47 273 293 99 139 219 231 159 229 114 258 94 217 90 67 121 189 224 57 59 230 116 166 270
83 8 14 30 37 40 45 48 63 69 75 105 110 112 119 123 148 157 159 175 199 200 233 265 268 273 275 277 286 307 334 370 382 391 410 411 416 425 436 486 487 488 501 547 548 553 554 559 564 567 579 599 605 611 629 635 687 723 727 743 761 770 778 783 801 807 818 847 857 869 872 877 878 888 900 926 928 945 946 960 961 978 987 996 289 10 283 238 181 220 75 31 119 279 62 270 185 279 96 123 92 148 213 54 21 11 168 96 279 216 220 152 195 162 30 17 107 131 136 153 110 61 37 152 144 223 299 232 182 207 76 185 13 218 95 189 231 129 201 23 74 277 60 293 107 100 224 143 268 135 89 287 212 155 90 113 88 84 276 63 86 129 279 295 45 253 6
48 25 39 42 47 128 164 171 197 219 234 265 301 320 333 340 350 375 390 397 398 429 436 442 519 554 601 620 633 670 674 681 685 702 708 709 712 720 763 764 794 833 860 894 942 950 964 965 985 180 5 221 230 279 39 222 47 250 299 247 83 81 278 227 243 258 116 146 129 187 9 169 57 173 284 219 164 194 291 300 202 135 229 78 127 111 99 108 43 55 167 256 53 223 187 184 159
56 51 61 81 96 126 157 165 171 186 190 242 314 333 336 337 345 355 375 380 387 396 403 424 435 441 486 493 509 511 534 557 598 612 616 622 623 627 661 692 704 715 758 777 778 790 810 825 829 841 858 880 896 966 983 988 999 156 296 221 277 64 144 97 66 287 61 24 146 48 196 211 258 108 114 235 127 132 227 79 241 168 227 65 180 215 21 44 282 19 70 265 179 294 176 56 71 200 72 75 180 206 181 233 180 234 181 92 65 15 160 278 239
86 15 17 23 26 28 29 35 37 43 65 77 81 83 84 102 118 137 140 142 178 194 202 209 212 224 231 232 244 258 259 270 280 282 305 309 317 344 348 370 378 388 467 483 488 492 507 511 516 531 539 551 565 566 568 604 608 613 614 628 632 648 656 688 689 715 724 738 761 764 765 805 806 833 844 876 877 878 897 916 945 954 969 980 988 993 994 174 113 193 32 70 26 87 73 296 64 269 177 187 171 134 31 295 96 261 28 132 194 77 45 34 86 198 294 262 132 35 144 294 261 279 67 189 267 111 60 34 43 228 42 143 163 150 153 82 218 288 190 132 66 284 278 71 92 296 232 61 65 41 169 145 175 225 80 120 66 199 211 142 42 228 285 19 34 16 208 87 134 198 198 75 243
91 15 28 33 53 56 68 71 73 74 87 89 90 99 119 124 150 165 177 181 197 201 215 245 269 277 297 314 318 344 351 363 371 377 392 404 415 417 422 425 435 439 441 451 457 460 490 493 510 514 524 529 540 541 549 576 578 580 582 585 590 617 667 674 682 704 720 746 757 761 768 769 787 794 796 800 814 855 873 876 889 890 898 931 934 959 973 975 981 987 997 998 291 100 215 92 195 287 276 74 166 220 10 183 265 57 172 10 28 158 106 41 81 114 126 212 126 139 84 117 91 224 95 132 41 51 256 223 300 296 297 116 84 0 274 208 200 119 181 108 210 105 105 12 258 230 148 24 248 212 41 110 52 185 48 2 290 15 43 242 96 170 56 219 110 127 204 177 215 267 210 111 150 32 258 288 183 120 99 280 81 0 173
85 7 26 29 32 52 67 68 89 109 133 142 143 182 190 193 200 208 213 215 225 242 244 260 264 282 286 294 308 310 316 319 323 325 334 380 385 405 409 423 434 443 457 466 470 487 488 490 510 523 542 583 592 594 598 602 606 613 615 619 640 650 651 679 714 719 742 750 768 797 800 825 829 833 843 854 873 905 906 928 932 939 952 960 966 968 218 123 130 243 225 127 253 133 8 155 85 22 2 162 100 227 175 202 119 69 162 13 187 120 264 151 225 211 240 3 7 273 285 10 261 33 297 88 160 245 158 85 242 187 24 273 270 14 251 35 244 75 258 128 234 93 142 279 291 47 27 23 252 121 263 89 217 226 210 218 140 253 287 111 186 78 38 288 208 141 298 194 114 159 12
57 13 56 62 65 71 107 114 142 143 155 157 162 166 181 207 225 289 298 306 340 390 426 452 456 472 499 504 506 507 518 550 551 568 586 596 632 650 654 694 712 716 756 806 807 814 820 884 895 938 939 948 950 969 971 973 976 994 261 159 154 150 129 218 281 62 88 211 298 198 241 189 215 178 231 30 71 176 200 224 83 203 114 28 155 132 179 123 228 114 172 228 297 80 172 233 180 95 197 202 90 83 231 118 89 251 262 233 158 34 77 225 141 87 279
29 52 78 88 207 259 299 319 356 458 507 512 530 572 577 689 728 749 775 790 804 835 840 862 892 897 918 955 963 994 174 254 148 275 150 236 116 234 176 150 231 283 170 108 280 24 161 149 94 91 234 141 53 35 211 132 107 86 85
84 3 13 24 26 55 75 86 99 116 124 132 183 200 212 215 238 260 262 265 273 277 281 304 314 326 331 349 354 367 380 385 417 420 439 466 468 471 484 491 492 529 531 552 555 568 575 579 581 589 601 602 607 624 633 634 692 704 710 721 727 733 749 753 754 758 771 801 802 817 827 830 833 848 850 862 882 929 937 945 952 985 988 989 996 67 21 294 132 16 18 68 134 92 168 61 37 146 16 96 100 29 181 275 244 103 50 87 69 150 162 136 202 48 29 240 74 151 127 84 105 147 37 211 270 41 54 73 94 26 265 120 250 94 204 171 20 76 170 142 247 180 63 210 220 59 89 169 186 155 14 261 155 144 98 82 54 252 171 277 111 213 14 220 102 34 50 197 64
75 18 27 31 55 67 93 96 113 118 134 161 171 183 184 186 188 194 240 242 247 252 259 260 261 271 273 287 298 330 350 373 413 441 447 456 476 482 484 488 500 516 524 526 555 562 586 598 601 608 628 647 670 678 719 736 751 752 760 815 827 846 850 851 865 881 883 886 917 928 931 948 949 968 973 999 285 288 60 61 127 291 61 72 100 5 120 137 127 175 158 146 35 135 156 191 208 170 214 214 281 169 237 18 140 203 160 128 83 117 25 221 40 12 101 279 222 36 215 68 73 104 226 125 263 87 287 224 154 202 245 284 229 143 75 75 230 194 144 10 28 74 12 122 268 114 145 81 263 55 237
71 1 26 37 41 56 58 78 81 84 95 104 118 127 133 136 165 173 179 188 208 209 218 232 235 246 261 283 295 309 323 325 334 367 412 438 446 452 456 462 482 498 501 539 559 566 598 601 620 626 628 686 718 730 756 760 788 792 801 805 816 818 886 888 895 906 908 949 957 959 965 995 152 139 209 19 278 289 181 1 81 150 155 119 244 103 166 228 5 295 92 84 168 11 231 219 205 4 285 233 34 94 277 104 17 173 170 247 187 146 202 241 152 139 193 234 36 39 175 9 279 285 75 288 94 188 178 253 207 62 291 4 52 231 156 174 28 16 243 48 64 9 268
63 7 16 20 57 60 65 131 147 242 256 276 280 316 325 338 344 353 388 422 453 475 493 515 558 559 560 565 579 605 644 654 660 666 672 684 693 695 710 722 724 785 787 795 818 847 854 855 884 885 888 903 912 925 927 933 939 963 964 965 966 973 993 996 156 13 90 198 275 116 211 49 298 61 213 28 1 297 11 228 123 286 66 58 188 97 169 104 200 118 272 211 111 162 72 295 283 90 94 227 137 237 185 112 26 80 269 0 245 74 299 139 196 156 133 252 219 30 43 224 26 102 140 294 231 12 91
