200 39
68 5 30 33 61 75 88 114 118 120 127 143 160 180 202 205 216 226 236 245 252 253 256 348 362 364 399 405 413 453 454 465 476 502 523 537 540 548 565 593 598 623 635 640 655 672 692 720 722 727 732 739 774 788 840 843 848 849 850 875 941 945 950 960 967 972 982 985 993 63 192 126 200 10 160 103 116 83 103 3 164 114 199 88 6 178 135 27 71 124 75 96 124 173 182 104 156 176 136 127 116 3 113 146 37 66 118 130 93 119 98 156 176 156 45 63 136 64 108 181 43 125 100 34 146 97 55 5 179 131 143 66 148 84 113 117 138
6 181 383 510 711 807 933 67 132 195 88 132 1
33 18 27 48 128 142 145 191 228 235 254 281 297 308 312 314 365 425 452 467 541 552 559 560 582 615 622 711 793 829 833 963 980 985 149 169 152 133 16 172 197 130 149 80 85 152 164 12 96 68 198 6 21 119 191 122 135 101 24 41 47 168 10 153 156 47 6
65 9 16 27 31 35 54 65 91 95 99 102 133 154 167 170 177 214 312 321 324 332 365 370 391 409 411 424 445 482 499 500 507 515 549 580 585 587 618 623 641 645 659 663 676 680 708 709 731 735 749 755 756 761 803 829 845 849 885 887 888 943 963 976 992 997 162 82 148 21 32 73 118 86 120 185 191 117 199 95 168 1 140 14 66 1 107 132 26 192 44 41 176 34 76 87 156 104 24 185 135 102 116 72 185 170 82 145 22 86 77 169 99 8 36 139 0 111 30 4 44 2 158 170 58 174 46 119 175 73 168
71 2 47 50 111 125 127 154 157 162 165 189 204 208 211 230 231 255 261 285 293 324 338 351 381 387 393 395 438 467 473 477 479 486 490 497 499 508 540 543 548 605 611 636 665 709 721 724 728 741 742 743 753 762 770 775 788 797 804 807 834 859 893 908 916 928 933 950 966 973 985 998 93 57 54 22 19 196 178 85 63 171 62 12 59 194 180 60 88 100 96 163 131 55 37 179 115 19 12 148 173 30 83 122 25 64 83 117 200 123 160 173 160 123 101 98 131 193 158 148 115 76 91 109 53 148 111 162 195 35 86 131 28 145 177 136 159 60 132 9 176 10 44
62 9 18 22 23 90 92 114 131 141 146 147 149 156 229 263 281 284 320 321 347 388 393 398 403 409 429 437 487 507 518 530 549 551 568 586 592 624 639 643 648 657 701 770 790 792 807 822 825 826 830 848 856 882 888 900 903 911 913 954 971 986 995 121 5 197 64 155 127 199 107 107 85 137 109 125 165 188 30 134 21 15 61 128 112 11 28 1 100 182 83 129 24 142 188 191 171 72 108 111 122 162 32 30 140 123 108 138 137 104 185 135 185 32 15 6 27 101 186 185 7 30 9 58 31
8 47 62 142 326 356 368 385 989 139 130 200 150 113 171 132 72
28 10 55 67 110 128 184 213 253 313 330 338 405 538 558 568 590 613 630 634 664 694 697 735 809 855 896 925 931 1 74 134 77 60 182 52 164 180 91 108 5 179 101 44 108 133 101 165 11 198 150 45 0 64 176 36 68
67 41 46 55 68 74 84 85 105 162 164 165 166 169 175 199 217 221 222 232 238 258 273 275 291 294 328 337 362 368 374 381 388 389 407 410 424 434 523 540 605 635 645 666 668 687 722 786 789 794 795 804 821 834 843 853 861 864 891 899 902 905 921 924 941 960 962 983 85 152 131 85 58 131 72 60 86 91 54 98 41 96 141 196 166 39 66 158 67 74 93 92 160 164 8 161 14 80 185 176 184 66 171 188 28 184 177 8 189 140 5 127 14 103 167 191 24 35 194 169 58 138 54 84 71 45 101 92 79 184 68 134 36 189 173
7 145 161 339 341 531 709 737 122 46 116 193 195 10 33
81 5 28 29 32 59 76 90 101 137 142 159 164 165 175 176 181 199 233 241 275 286 309 311 315 324 339 348 354 383 386 399 407 460 467 469 475 480 485 492 494 496 519 532 537 564 597 605 651 671 681 692 700 712 733 749 760 770 772 779 780 800 818 829 831 833 848 851 864 866 869 896 924 935 945 948 955 961 963 964 987 995 75 118 32 148 114 167 126 161 79 113 65 155 193 30 36 83 70 11 38 8 173 45 37 126 42 190 33 81 118 112 45 185 52 5 164 32 182 177 157 33 29 75 149 33 29 91 160 76 56 69 23 15 123 96 20 78 175 86 162 114 129 91 173 11 28 111 122 194 146 42 89 179 199 114 3 121 130 134 194 152 71
1 822 162
16 202 308 365 490 568 572 583 655 691 719 734 760 770 813 903 905 139 35 138 178 177 5 12 193 7 167 95 161 181 76 185 138
65 13 62 93 107 115 172 188 211 267 273 288 318 330 350 363 382 397 406 412 413 420 431 434 468 487 492 493 498 537 540 555 559 569 585 589 613 620 629 667 684 686 715 719 728 745 759 791 793 796 799 810 823 825 837 847 875 877 879 892 895 904 909 931 967 980 164 93 173 47 27 136 79 119 42 69 46 16 11 35 18 96 189 99 138 187 158 118 29 5 109 149 199 200 172 127 200 21 84 147 62 190 166 194 165 94 70 131 144 37 24 20 40 64 4 140 75 58 77 35 101 35 99 30 159 30 132 22 165 176 187
63 5 18 38 42 60 62 69 70 72 148 194 203 232 249 319 327 331 332 354 381 384 391 414 431 461 516 518 526 530 535 560 581 612 620 625 641 660 666 687 695 698 699 711 790 795 800 815 821 845 849 852 869 882 883 895 916 932 937 946 950 959 966 999 7 99 94 184 20 50 6 52 136 198 40 101 43 73 43 149 144 157 3 9 13 171 69 158 152 110 154 109 68 105 101 44 107 188 102 83 71 117 188 149 75 147 18 170 113 109 195 9 58 32 148 161 66 32 197 103 132 139 95 142 193 162 52
94 7 19 32 36 50 51 53 62 84 97 103 106 127 153 167 174 183 204 207 213 217 221 227 230 242 246 247 248 256 262 271 275 289 303 309 340 369 385 388 399 410 418 420 429 434 435 445 477 483 497 507 516 528 533 543 544 546 572 591 620 621 625 693 713 727 729 753 755 757 776 796 798 799 815 820 827 831 847 854 888 890 896 898 919 931 943 947 950 958 962 969 985 995 998 29 143 48 141 87 98 130 134 128 126 1 92 54 95 43 43 200 77 182 194 198 2 196 165 198 1 30 160 191 135 176 1 179 86 115 93 53 36 110 101 139 88 167 181 62 26 125 31 107 179 3 146 90 56 22 117 140 73 40 180 155 76 52 147 153 186 13 43 108 137 49 29 88 149 175 87 9 28 106 135 33 65 120 17 102 85 121 158 167 58 86 111 72 47
17 61 63 97 114 145 405 407 460 481 517 613 651 712 815 900 944 985 11 117 151 44 110 176 93 194 72 127 16 119 65 131 7 42 155
52 40 67 90 94 119 131 150 151 169 210 250 268 293 344 345 349 355 375 423 424 437 440 445 447 454 474 501 516 528 532 552 556 570 580 596 613 619 650 654 679 681 735 753 775 835 879 920 921 932 942 958 966 155 59 139 94 94 51 148 39 129 168 68 22 152 77 199 6 166 64 116 176 50 118 35 156 95 134 118 5 67 48 189 109 145 69 8 142 84 169 32 55 143 72 71 129 104 141 112 198 145 149 186 197
65 10 13 68 74 110 115 120 124 126 149 151 166 181 187 221 245 250 257 283 322 369 371 378 389 393 438 439 448 473 489 501 514 550 619 637 677 687 697 722 736 738 746 759 794 802 804 810 815 819 829 834 846 850 854 869 872 895 905 914 917 956 957 966 976 995 184 54 94 40 125 66 184 73 90 115 143 132 54 184 124 52 37 32 37 142 151 128 92 97 65 31 100 193 44 64 51 131 12 193 198 3 59 55 165 157 99 120 129 18 113 23 66 178 14 82 42 40 154 22 124 64 179 124 39 90 71 58 110 90 31
31 52 95 129 135 138 173 188 235 237 291 317 324 334 398 432 450 461 486 492 505 517 580 599 687 734 741 778 786 857 861 894 183 82 168 165 104 175 25 153 195 8 161 54 51 141 107 196 107 21 10 5 46 115 33 183 95 92 131 70 114 17 108
34 19 45 68 103 105 120 204 275 284 295 319 327 329 362 395 418 436 442 449 453 514 549 561 569 588 616 690 711 741 785 793 817 829 932 11 3 61 25 119 142 164 157 41 46 157 131 3 19 5 38 40 52 139 110 131 79 186 10 76 163 173 126 68 90 160 43 173 47
77 12 46 47 49 53 68 70 105 130 135 138 148 152 167 170 173 176 189 214 222 235 240 241 261 288 318 325 355 378 403 455 475 481 491 498 503 512 537 556 561 563 564 584 592 602 610 614 626 650 654 660 688 714 734 747 768 780 786 801 809 814 817 825 863 866 872 874 876 905 910 911 928 960 966 973 975 996 128 120 186 149 20 177 87 113 27 185 102 112 37 97 39 101 31 142 108 29 124 105 74 132 27 199 182 50 106 16 26 159 92 153 126 22 136 132 36 36 169 93 109 27 142 81 152 119 190 194 139 164 65 105 27 145 172 101 19 71 10 198 141 30 150 148 101 158 157 130 164 133 152 46 157 74 71
19 145 247 275 303 317 323 324 364 533 641 759 799 826 846 924 958 960 985 986 150 115 140 56 33 28 92 10 65 153 121 110 96 74 29 100 191 182 117
77 10 15 28 32 33 63 92 119 132 162 193 219 249 269 271 290 295 303 321 328 335 340 343 349 360 371 376 401 430 438 447 450 460 462 463 469 505 511 540 547 556 562 565 598 615 621 639 683 692 693 704 708 713 746 771 780 796 809 817 818 819 820 831 835 847 857 871 903 936 942 944 950 955 960 962 966 972 106 136 19 35 4 75 104 22 87 26 85 112 4 90 184 14 78 126 57 28 181 118 13 77 1 91 199 31 133 89 71 50 139 36 51 45 173 23 51 9 164 89 26 28 14 162 40 178 100 28 86 132 40 8 126 148 116 83 155 42 27 44 186 68 127 131 194 0 33 179 55 132 86 137 106 76 88
8 11 306 539 554 726 796 918 956 93 64 165 23 80 44 34 48
15 218 234 360 370 440 479 551 653 676 787 802 825 848 935 993 126 150 132 188 22 58 58 183 69 6 51 105 145 13 115
32 31 96 99 108 123 153 172 179 225 249 288 315 317 437 481 606 614 642 750 793 806 839 843 849 868 888 889 892 914 982 985 998 89 46 56 163 142 0 177 64 159 32 90 69 140 50 47 196 123 185 115 133 176 153 48 56 136 192 120 75 199 33 56 184
97 30 56 76 86 104 105 120 123 132 145 152 166 173 182 186 190 193 218 223 226 233 241 249 255 266 270 294 325 336 348 375 385 387 390 392 402 432 434 436 444 450 457 460 461 471 474 498 502 510 513 553 562 566 567 569 570 571 579 587 590 592 601 622 631 639 641 645 652 667 677 682 688 697 713 722 744 753 759 761 798 800 822 858 867 873 880 889 890 893 899 922 925 929 939 978 989 990 61 109 129 159 126 138 135 157 36 105 125 2 91 136 177 37 148 146 176 27 185 190 64 19 81 93 89 66 96 151 185 159 145 44 146 7 31 125 190 197 71 61 52 26 103 191 62 187 10 31 61 199 62 166 19 26 31 152 75 182 74 88 196 174 72 53 107 173 163 46 96 118 155 156 156 151 90 176 31 104 144 117 194 124 181 126 155 2 170 139 67 11 175 139 174 186 145
58 52 79 84 95 108 117 118 142 159 161 195 203 233 238 313 318 326 383 392 439 444 464 471 500 516 527 531 572 588 595 636 661 684 692 695 723 729 733 743 751 761 782 792 793 799 819 840 846 856 876 877 898 916 938 944 953 959 981 121 32 136 19 117 15 184 158 134 17 146 0 3 21 152 109 190 78 173 1 92 69 145 196 90 152 133 174 168 125 171 151 115 23 167 128 117 68 46 156 58 22 69 18 98 71 154 83 172 33 149 105 123 183 142 128 44 40
57 2 9 20 48 76 95 126 139 147 193 226 241 246 249 257 267 269 298 327 347 374 390 397 424 447 451 452 464 472 474 476 490 491 503 510 522 556 577 583 586 593 594 654 656 700 712 722 779 829 851 897 898 906 911 929 942 975 45 170 126 83 76 17 133 190 43 68 161 25 148 172 159 57 62 197 151 93 175 126 112 120 122 180 100 190 73 199 92 188 195 111 111 96 70 42 124 71 187 72 137 118 113 195 105 163 73 37 158 118 175 33 62 132 150
39 18 34 55 91 118 145 162 169 185 187 190 220 223 227 230 291 372 389 392 413 448 483 529 538 554 579 589 595 698 731 738 740 756 766 787 826 951 971 982 129 110 143 122 161 42 122 12 180 115 132 154 119 130 77 140 59 147 135 49 195 57 78 196 67 131 57 67 56 84 164 0 16 42 186 197 142 75 24
98 4 12 20 22 26 47 48 56 57 67 72 86 99 103 106 133 157 162 163 169 188 192 198 202 220 262 270 271 276 296 297 303 321 326 339 375 393 422 431 434 439 444 446 457 464 475 480 488 489 519 525 535 539 540 545 568 569 596 600 623 624 635 641 674 688 690 721 741 751 758 766 770 783 800 817 826 828 843 845 854 858 863 869 870 872 877 881 895 906 908 912 914 915 940 952 954 983 984 28 64 70 116 21 135 2 133 175 133 40 41 38 43 24 177 42 70 25 115 175 85 88 112 200 48 140 183 22 52 170 37 57 128 22 146 27 134 34 31 1 50 34 191 123 28 4 82 75 65 10 143 157 45 37 139 65 51 28 50 170 136 188 65 49 38 168 63 14 98 45 146 101 121 57 107 194 129 61 24 131 195 163 132 142 152 85 117 173 165 85 54 94 119 120 5 17 132
7 63 298 460 536 798 881 905 196 43 174 116 178 70 13
20 5 16 44 45 233 245 300 361 466 486 533 565 569 634 689 694 760 789 933 999 12 86 100 137 102 83 47 11 69 142 109 45 18 13 192 127 182 63 95 87
8 31 133 341 430 444 651 853 872 152 11 91 43 193 24 4 100
64 7 28 38 43 66 102 114 138 160 173 198 254 284 287 297 366 367 368 385 400 405 434 444 449 456 458 471 486 496 501 504 507 538 539 544 559 562 580 602 635 644 646 654 680 719 737 758 793 794 806 812 813 821 846 862 867 871 881 909 920 933 956 957 995 149 44 128 150 181 15 10 120 145 60 146 135 53 79 133 8 5 98 199 68 171 53 188 180 200 132 78 188 164 14 156 100 35 187 154 179 23 16 189 134 156 162 53 3 96 148 123 58 58 52 195 151 37 105 0 90 116 42 128 158 68 93 129 75
91 1 3 9 31 49 53 54 57 74 84 98 107 144 157 172 203 215 252 255 268 280 282 288 295 304 306 317 324 347 362 365 368 380 399 400 407 418 420 428 463 492 493 526 533 534 557 562 569 572 577 586 591 621 627 645 647 653 679 698 702 711 715 729 748 749 751 761 762 765 766 770 784 796 800 810 837 860 866 867 890 904 924 928 933 945 947 954 972 973 976 982 135 79 33 57 57 36 199 84 59 150 185 138 79 12 105 166 136 165 86 131 153 118 12 15 46 168 160 166 96 40 16 150 11 189 9 128 22 98 9 122 155 138 77 143 81 87 111 200 88 16 139 90 191 64 15 97 23 165 108 33 139 32 103 162 85 157 44 69 129 96 94 145 146 55 137 49 40 156 141 109 193 25 15 108 149 101 120 152 30 58 31
46 24 27 30 101 124 129 152 178 187 188 203 222 230 242 278 284 312 322 325 332 336 411 443 472 485 497 519 587 596 611 621 649 700 703 736 758 774 775 788 821 822 833 850 893 916 980 127 141 130 112 181 200 93 130 189 123 10 114 50 10 194 102 185 82 69 54 70 17 25 63 190 199 98 182 126 198 133 166 187 151 41 129 190 192 160 67 131 190 53 80 179 55
54 52 71 81 107 114 147 162 169 253 261 288 290 297 304 326 339 351 360 368 370 371 380 387 398 427 456 457 463 471 489 501 561 586 587 616 633 637 640 661 680 702 722 766 793 810 863 889 899 920 935 953 970 973 998 177 105 41 122 42 108 88 44 136 30 136 92 147 47 147 61 52 117 78 16 131 62 80 129 57 20 148 191 26 65 90 170 115 18 9 69 89 87 83 9 119 177 171 23 59 136 139 115 3 187 139 17 132 110
10 120 129 249 339 365 442 598 707 744 769 144 174 25 109 138 27 153 34 104 159
