200 13
59 8 11 29 36 48 72 104 107 108 111 120 156 166 188 195 257 272 278 294 298 333 343 345 351 390 407 411 412 438 471 488 489 500 516 519 540 545 579 583 590 659 677 699 718 720 726 752 776 780 798 799 815 830 837 860 891 942 985 996 40 159 30 155 120 119 83 161 155 169 6 108 53 48 26 170 153 85 107 117 119 52 160 185 56 27 68 162 10 134 59 96 155 144 123 107 101 156 40 123 87 46 78 127 149 49 112 135 63 180 102 2 167 88 143 173 81 10 197
19 134 154 186 201 240 248 298 312 335 352 395 401 460 586 733 745 748 762 823 6 175 73 20 168 54 137 12 198 170 53 152 75 95 75 162 82 87 124
25 55 121 145 228 240 245 298 300 348 365 387 428 432 480 535 540 558 642 646 714 783 882 885 932 951 69 151 189 67 191 152 98 143 176 90 109 129 6 135 51 119 103 165 131 26 171 133 111 114 160
6 102 206 245 603 694 860 43 130 123 117 149 190
7 142 170 597 662 700 743 934 35 110 103 45 122 82 115
19 48 76 98 133 146 201 228 321 336 430 431 488 497 516 624 644 651 725 790 48 182 197 52 137 111 65 60 195 82 16 196 174 162 126 157 3 78 100
48 16 25 84 90 103 112 144 164 173 175 194 211 240 256 280 332 340 357 368 377 443 461 462 498 510 519 524 551 601 603 605 617 620 684 687 698 731 762 765 789 809 814 840 848 850 856 903 984 118 37 158 111 105 109 116 29 126 25 56 102 111 46 38 14 21 106 152 131 117 124 22 112 31 96 17 116 137 120 189 79 1 158 167 164 50 141 15 188 27 137 82 182 1 16 93 95
68 5 64 91 93 113 138 164 174 201 210 216 227 247 261 264 275 296 309 320 335 338 367 394 399 400 406 437 467 478 481 484 492 496 500 510 538 550 559 576 579 600 610 622 685 690 701 705 719 721 752 762 765 775 790 795 796 815 816 829 845 861 868 879 884 903 909 920 948 68 95 192 20 156 53 163 18 72 71 82 105 85 86 167 62 111 174 52 70 181 174 65 15 171 6 172 158 157 114 104 78 40 18 185 189 183 135 145 57 85 111 66 126 57 136 163 132 0 161 152 19 190 62 140 94 34 40 61 199 163 77 133 164 0 50 33 92
18 9 68 86 92 155 183 234 320 334 508 519 558 563 605 700 808 922 937 151 192 187 98 21 65 89 144 76 42 159 74 125 30 110 49 143 76
92 4 20 37 41 48 84 91 98 114 123 138 139 152 155 160 163 192 208 228 245 246 247 256 266 276 282 288 305 323 335 339 349 353 356 371 377 395 398 402 409 416 441 445 481 484 489 531 551 552 560 572 574 592 594 603 604 629 631 632 633 638 642 645 651 660 661 670 680 688 689 696 700 705 711 712 732 759 785 798 836 853 859 869 895 930 936 938 939 947 993 998 999 46 32 48 190 102 64 60 160 57 73 46 16 52 7 197 27 47 101 20 138 188 127 114 70 149 63 152 133 97 56 174 137 182 200 152 66 40 55 38 94 108 184 178 53 185 27 79 198 136 117 48 183 167 88 3 63 48 0 47 92 53 169 168 101 146 85 47 112 53 129 54 169 116 3 14 190 181 196 149 106 119 84 140 47 184 124 173 51 72 60 183 124
59 1 6 17 50 75 83 98 100 132 138 167 174 180 240 308 348 437 449 457 463 525 535 551 563 597 612 628 642 662 664 682 685 701 704 707 719 724 744 745 794 795 812 813 830 866 881 902 915 917 924 928 930 937 960 980 986 992 993 998 42 14 38 195 115 55 49 28 143 130 11 137 25 35 93 93 185 169 128 17 50 129 57 22 50 170 145 108 149 23 189 86 62 79 15 157 153 34 169 66 29 154 115 131 10 141 123 85 104 186 58 146 46 97 194 104 12 109 89
21 6 92 115 167 208 271 301 384 398 407 433 498 514 548 683 694 700 753 768 826 944 110 101 28 116 151 159 177 161 92 12 97 101 121 50 45 154 37 51 27 85 49
61 4 11 16 31 47 113 120 124 138 170 183 199 201 207 215 216 222 226 235 239 250 251 257 276 279 332 376 389 393 438 440 478 490 531 533 548 563 573 588 625 660 677 688 692 725 728 734 788 792 844 854 879 902 920 937 942 963 969 971 981 990 73 25 196 115 27 120 127 153 10 75 43 7 188 72 68 129 151 63 66 85 56 4 164 90 20 68 120 38 141 103 15 55 10 196 21 185 39 130 81 176 135 156 164 167 141 50 37 83 170 109 11 103 183 107 109 186 17 3 83 117 106
76 13 25 34 38 40 45 66 71 76 128 139 180 186 231 249 267 277 285 291 329 330 332 395 398 406 420 435 445 457 458 463 485 496 513 525 538 542 547 572 574 576 577 647 671 691 703 709 712 726 733 738 757 764 770 771 790 794 795 796 806 808 817 821 823 849 852 866 871 886 952 963 972 976 981 992 993 115 113 167 34 27 24 54 5 51 169 113 165 19 126 176 82 101 93 116 188 88 82 0 84 198 150 153 37 168 32 16 25 175 41 42 44 114 74 115 24 158 84 158 53 54 48 20 31 127 181 125 172 77 135 140 90 68 123 52 170 177 8 151 158 134 81 149 19 142 116 182 91 91 134 106 133
