200 52
74 7 41 47 61 66 68 99 113 120 170 172 188 206 250 252 297 300 322 327 338 358 393 403 406 418 427 432 449 456 487 499 500 503 509 513 525 526 540 558 568 589 602 616 631 634 655 659 664 682 696 706 715 740 752 756 757 759 775 776 795 797 805 814 841 849 859 881 884 903 950 954 981 990 995 19 166 154 19 0 55 34 129 49 190 94 198 63 70 111 166 177 147 108 107 117 65 184 50 98 17 51 157 126 6 12 163 74 81 33 105 54 174 6 181 146 83 178 193 81 190 49 65 80 16 121 13 175 101 150 140 41 159 183 72 55 24 140 57 0 167 40 191 25 2 132 47 188 173
12 68 147 167 325 347 459 580 651 747 833 865 958 192 192 133 16 101 106 89 72 168 45 186 90
45 10 22 39 55 57 64 94 108 206 221 226 228 259 260 280 286 293 296 312 316 354 359 373 376 398 432 483 533 591 592 619 626 634 670 692 708 740 782 806 844 847 899 904 911 996 89 8 200 172 40 179 30 116 126 188 107 135 166 28 39 70 119 95 193 94 178 64 193 136 18 172 61 150 193 126 113 92 23 133 149 64 99 136 43 124 118 80 112 130 121
28 126 223 245 336 355 378 379 407 423 449 451 487 535 599 613 630 647 655 665 673 686 692 713 750 819 865 986 999 80 193 176 129 81 152 151 23 169 73 11 15 162 187 19 106 152 89 38 12 127 25 164 4 118 179 53 171
32 36 50 57 69 160 169 254 274 319 386 411 448 462 515 517 574 575 602 613 652 657 667 683 716 735 756 760 893 904 934 937 973 58 27 190 183 67 161 103 144 51 66 129 200 51 194 119 34 106 157 182 6 188 29 34 155 140 58 95 120 187 19 114 25
84 15 27 31 40 44 50 59 84 96 128 141 144 149 156 182 190 199 246 257 277 286 296 314 318 333 345 361 363 367 371 393 399 418 419 459 477 484 491 493 498 509 515 518 547 559 584 599 600 605 609 614 624 638 655 668 698 700 709 711 718 726 750 751 781 794 796 810 834 835 850 852 853 873 896 906 912 924 942 945 954 977 981 990 993 186 95 90 51 96 93 133 100 30 42 80 52 111 3 185 91 161 115 27 95 186 76 151 165 149 104 60 164 23 182 40 178 156 116 132 160 15 106 140 132 118 32 60 97 19 100 99 165 185 0 132 48 116 189 144 167 94 30 35 154 105 17 54 115 140 118 76 94 55 56 97 37 90 50 41 160 27 119 198 119 80 123 122 130
86 2 22 32 38 60 71 77 87 98 117 121 153 154 164 193 196 203 215 230 233 235 257 308 313 314 327 330 332 347 367 389 401 405 411 416 417 428 438 456 457 476 490 511 526 536 541 546 553 562 579 580 604 614 616 620 642 647 659 675 683 685 697 698 702 723 737 771 776 779 794 806 810 814 823 851 860 877 890 909 915 922 936 943 950 964 987 121 166 86 80 159 21 198 76 56 2 27 144 115 138 130 126 188 109 45 37 181 77 74 77 144 0 81 57 56 64 101 81 82 95 35 190 100 150 10 54 16 44 82 91 189 187 125 81 67 66 140 178 153 194 85 96 13 46 16 2 15 21 72 15 195 47 112 165 150 19 63 50 5 116 117 123 47 121 197 148 135 61 52 145 58 126
7 286 312 640 950 956 988 991 17 171 173 56 130 152 27
25 21 34 37 54 95 226 248 298 342 346 442 448 493 502 573 608 631 645 705 755 851 936 952 965 972 37 33 14 35 162 131 36 14 85 120 26 188 182 13 194 5 62 145 118 136 62 128 97 17 31
59 1 11 26 40 58 60 127 145 153 165 174 190 193 229 232 257 283 308 358 382 395 403 422 478 491 494 496 504 515 530 588 596 601 624 636 642 690 695 704 718 723 748 756 802 807 824 836 842 848 856 868 875 876 880 885 892 948 965 991 177 9 63 99 139 19 161 57 65 155 143 0 98 129 91 25 179 124 102 61 199 145 4 10 183 96 23 88 31 170 11 9 162 29 145 170 115 87 170 70 44 114 123 62 110 54 168 173 154 26 107 185 6 1 173 132 38 111 7
83 1 4 56 59 65 66 70 75 83 87 107 110 126 139 141 143 187 188 194 196 208 223 243 252 254 275 281 293 334 359 368 378 380 385 411 415 432 437 439 465 468 480 524 535 536 542 549 560 594 612 631 632 642 653 654 668 674 680 686 694 717 724 763 768 770 771 783 784 801 814 823 835 867 877 879 889 896 900 902 923 961 964 967 46 57 177 176 187 88 38 65 141 38 132 56 118 32 174 43 189 197 156 8 128 177 172 162 7 200 128 155 133 20 82 79 103 131 61 58 123 193 123 89 194 173 30 154 111 199 15 14 99 144 197 81 118 88 12 188 192 197 145 111 26 61 62 95 200 156 13 100 91 158 150 142 154 52 124 158 116 19 196 63 41 160 144
100 11 26 29 49 54 68 74 78 116 130 131 140 142 144 149 164 174 182 222 225 228 233 260 278 279 286 311 317 318 328 337 339 356 377 384 401 403 409 410 427 428 434 436 463 471 482 486 496 499 507 508 525 535 545 549 550 567 579 588 592 594 601 608 623 637 651 666 669 690 694 737 758 771 794 814 818 822 827 829 833 847 853 856 862 868 875 883 884 892 897 902 911 912 916 918 935 944 950 955 992 182 177 76 192 70 28 53 59 87 92 11 120 114 162 194 84 75 175 17 40 144 65 43 162 138 89 117 131 63 157 84 130 135 191 121 168 8 14 190 154 167 110 158 186 177 76 158 183 138 115 174 78 88 158 135 156 71 133 2 167 148 139 93 87 152 16 52 154 179 86 49 29 168 97 95 117 48 108 78 133 150 71 45 155 20 77 52 57 52 143 75 37 28 86 86 63 19 55 22 118
22 47 60 158 183 222 296 328 460 544 570 578 580 634 698 807 826 866 878 889 902 920 942 196 32 39 43 68 60 72 151 35 192 13 185 93 126 119 138 66 133 25 94 11 81
25 5 20 53 93 98 240 242 338 353 362 366 369 394 444 542 549 666 688 708 825 826 863 891 908 939 127 162 26 195 189 108 60 75 198 63 188 60 99 31 9 77 162 8 8 17 140 112 194 183 102
23 3 107 111 116 144 236 342 391 448 464 495 499 520 605 696 749 815 858 865 899 903 925 937 64 166 102 97 74 3 159 185 14 161 149 81 94 172 65 184 20 13 129 106 152 54 123
97 4 12 17 26 44 52 75 85 86 101 116 122 142 145 146 151 169 184 185 204 208 231 245 252 284 288 292 299 327 329 346 359 361 365 400 405 422 424 434 436 445 456 464 465 467 471 477 493 494 511 536 539 546 552 558 563 583 589 596 599 607 610 652 653 673 674 677 686 691 712 733 753 758 770 772 776 797 806 814 828 835 841 854 856 865 867 900 901 910 921 941 949 957 960 962 963 968 132 10 122 87 49 122 18 131 90 178 61 33 67 17 166 145 88 129 94 74 148 135 146 51 175 107 73 70 181 55 116 157 10 118 121 194 165 193 60 152 177 185 171 86 138 147 151 132 34 170 32 187 57 27 122 48 104 124 121 57 13 172 22 166 62 129 17 28 7 139 83 194 9 53 87 161 13 152 169 38 39 19 49 31 162 22 62 173 45 8 93 118 121 132 111 101 27
30 83 84 142 149 156 165 227 280 314 371 378 399 413 437 496 525 533 586 632 656 688 704 761 772 792 838 858 893 936 946 120 74 61 15 157 136 50 75 17 129 149 140 185 15 136 175 155 64 64 182 99 33 25 21 127 148 69 108 99 32
13 157 315 382 388 390 418 488 522 593 696 776 859 860 88 71 44 50 100 7 149 49 88 199 24 80 5
95 3 5 14 18 42 54 63 68 80 107 126 127 138 145 159 167 168 174 185 186 189 196 198 203 205 220 224 235 252 254 269 294 311 314 317 319 338 340 367 375 389 420 425 429 430 432 448 459 461 470 471 478 490 500 501 551 558 564 572 599 631 654 667 680 709 730 757 759 764 777 785 794 798 808 810 815 830 840 850 851 879 890 892 905 907 917 918 920 922 931 947 954 955 966 999 194 133 190 100 49 78 191 58 41 13 145 39 88 10 134 156 105 163 83 53 22 111 45 137 185 91 85 98 93 147 132 183 53 33 25 188 33 26 133 198 64 173 133 150 56 2 174 175 149 113 96 114 159 161 163 75 151 82 87 172 61 96 74 48 160 139 117 182 117 126 124 25 16 137 22 191 115 96 133 155 19 72 148 28 124 81 121 136 130 48 181 33 193 58 82
73 4 13 14 57 76 106 107 122 127 129 136 149 200 214 224 234 252 261 268 286 288 291 292 306 325 335 340 363 378 381 405 427 429 437 460 469 518 544 597 603 626 636 653 667 674 687 708 753 766 777 785 787 788 796 819 822 828 834 864 874 877 892 924 930 934 947 952 965 977 981 992 994 999 123 52 129 124 0 176 163 134 145 163 39 98 153 116 79 157 99 180 132 75 90 176 140 146 101 21 82 2 11 28 45 161 120 72 140 181 11 162 125 123 108 149 63 89 175 97 29 37 194 2 40 99 14 25 140 69 151 185 62 140 126 183 69 163 57 75 54 95 152 64 28 30 179
26 21 27 36 68 73 152 167 213 231 293 416 460 483 544 547 622 744 776 781 787 800 850 858 863 911 954 174 27 95 111 151 166 28 139 7 160 11 188 29 59 141 126 161 136 152 190 122 94 27 101 71 142
6 78 279 628 631 725 986 35 123 80 84 8 200
44 10 31 37 54 110 132 217 231 233 237 250 269 288 300 324 341 354 386 390 395 413 491 518 530 532 535 537 541 566 573 580 584 618 637 661 680 714 736 743 815 836 860 892 981 53 167 147 46 94 163 157 175 161 200 110 196 15 153 136 131 153 191 51 94 14 102 70 32 28 69 67 20 13 177 149 55 150 28 60 171 126 107 146 187 0 14 88 79
98 18 28 36 47 63 66 69 70 82 88 103 115 116 118 121 127 135 151 175 192 211 234 245 248 251 252 253 271 276 299 301 317 334 339 349 350 351 364 374 377 380 390 400 437 466 467 469 482 495 508 510 533 546 549 570 573 575 589 593 596 598 600 613 633 643 644 646 659 687 697 699 711 712 726 736 757 768 784 790 794 802 820 828 829 833 856 860 861 865 886 887 919 930 942 962 983 984 997 134 29 38 18 32 85 82 17 168 11 97 32 148 35 33 131 155 139 123 162 132 33 157 119 13 54 113 14 63 184 177 9 40 147 128 145 175 7 195 133 25 74 149 0 181 185 20 177 85 17 10 147 86 97 155 174 23 156 25 26 128 40 192 0 145 42 96 16 135 189 4 54 1 186 77 67 135 156 104 130 171 30 169 59 78 22 166 195 74 86 120 107 105 178 180 138 29 168
79 26 38 59 70 71 84 105 122 190 207 209 221 237 252 259 266 267 293 295 298 306 339 342 356 380 392 403 405 411 414 427 439 454 473 476 494 499 535 540 581 596 599 603 623 631 634 640 643 663 665 667 668 672 679 701 705 721 726 734 735 777 793 813 821 827 829 841 845 865 882 890 891 936 938 948 963 982 991 992 146 113 78 8 165 75 34 61 83 3 54 142 50 29 49 191 60 31 177 56 95 27 55 173 73 200 171 154 23 38 57 121 111 11 53 59 121 172 137 16 72 3 108 56 162 187 94 79 181 171 40 25 192 31 108 66 141 186 46 60 121 47 163 140 128 159 32 178 127 122 197 82 62 122 47 93 93 197 24
61 13 25 35 40 80 91 101 138 178 184 189 224 247 252 278 347 355 371 392 427 438 453 454 456 460 476 478 506 523 595 599 636 667 670 674 675 707 714 720 724 738 752 770 774 779 789 842 848 864 901 919 920 934 941 943 953 966 972 988 989 998 28 19 98 30 76 49 78 7 52 75 107 41 118 114 161 124 147 36 167 192 21 167 22 42 18 173 3 12 110 192 182 66 137 91 64 129 80 190 121 83 137 118 132 118 41 134 66 126 172 188 61 148 69 45 173 27 137 100 165 162 32
82 28 31 33 36 43 85 94 100 102 145 150 170 175 176 179 180 183 191 193 195 199 232 240 260 270 272 302 308 327 353 402 439 446 455 501 508 533 544 554 555 561 613 618 626 632 639 649 650 665 683 692 693 695 720 728 740 772 778 785 789 817 820 824 835 848 857 876 879 881 884 895 919 921 923 936 938 944 961 966 989 997 998 49 33 7 113 37 14 22 6 155 27 104 30 151 190 193 29 163 45 147 172 174 122 44 111 55 89 131 76 77 50 52 116 149 124 84 157 121 24 173 8 14 142 129 51 20 7 163 123 171 70 97 144 8 144 198 27 61 162 191 54 27 3 71 19 60 171 197 28 168 71 5 186 171 9 158 161 35 49 110 105 32 48
100 2 3 10 13 28 30 34 51 52 58 61 87 90 96 102 109 140 149 160 168 171 183 193 234 284 288 292 297 300 317 323 363 374 378 380 383 384 400 404 439 442 445 458 461 465 476 494 497 498 502 509 525 527 529 530 554 561 562 574 616 618 622 624 655 667 669 673 688 691 692 694 696 708 712 744 748 756 769 777 792 793 829 843 851 884 886 897 901 919 920 930 937 941 945 946 956 957 964 984 986 39 143 52 12 52 11 49 67 34 136 41 110 33 187 124 55 46 14 96 165 178 40 10 88 48 187 100 128 91 96 173 24 21 183 102 135 17 122 11 114 165 135 88 198 170 173 4 64 193 190 149 67 167 185 193 128 17 68 160 66 106 140 33 36 195 175 140 55 106 150 83 91 107 184 183 53 175 49 35 130 48 145 178 81 49 8 31 67 41 108 68 138 169 136 16 63 107 139 17 128
79 13 27 33 61 73 75 88 100 113 134 140 147 151 154 168 171 189 213 220 271 273 277 292 306 309 318 337 353 359 372 385 404 433 436 442 450 460 469 471 495 500 610 612 614 631 642 674 677 678 686 696 704 717 745 750 751 771 772 796 817 819 825 834 840 854 859 861 864 880 917 918 922 924 925 935 938 947 956 988 196 92 39 104 126 74 46 18 4 43 197 28 162 65 153 77 53 189 180 92 70 88 34 187 100 43 141 62 54 26 18 49 87 21 132 163 88 164 188 20 132 155 105 20 35 158 36 117 31 24 62 76 13 10 86 42 164 109 164 89 20 67 165 34 168 177 41 36 99 189 159 34 44 187 82 71 147 151 44
17 5 20 142 189 209 242 274 400 403 506 522 593 676 755 776 819 960 93 26 43 126 62 100 65 189 110 198 130 195 39 196 77 148 68
18 217 236 280 311 331 349 350 638 644 663 685 736 765 771 798 860 877 886 174 71 94 152 98 177 82 183 162 127 90 167 54 20 37 45 96 167
47 88 95 127 150 153 173 187 209 220 231 244 261 265 267 284 288 301 308 352 366 377 415 423 480 501 530 569 607 699 728 759 782 797 804 822 827 830 855 889 894 902 929 931 945 981 987 999 192 122 182 184 198 5 54 33 76 121 94 6 107 164 5 112 97 65 22 2 132 2 117 2 32 167 191 73 68 168 156 1 165 23 58 176 194 174 2 110 94 94 37 109 136 13 49
99 6 14 17 21 29 33 38 40 84 86 100 101 108 113 136 173 178 182 189 195 203 207 223 224 225 230 267 312 318 333 350 352 355 363 365 374 378 385 386 387 395 400 415 448 451 453 454 457 465 474 489 514 522 528 532 535 551 559 568 577 587 598 613 629 630 660 670 674 699 715 721 726 728 730 733 737 755 756 757 787 801 809 838 839 843 846 849 855 888 896 913 927 940 944 948 949 983 991 996 75 59 7 87 8 53 194 47 35 86 193 40 166 186 35 74 35 137 106 80 112 124 32 200 44 182 41 111 115 25 77 16 123 173 126 136 18 170 80 153 176 131 143 50 70 126 102 32 66 36 117 89 151 20 6 143 76 142 157 113 180 64 54 127 129 136 16 130 77 174 150 159 32 62 155 129 88 99 92 42 9 8 25 12 72 134 114 51 149 15 162 128 106 18 74 61 59 22 136
16 21 83 100 102 138 342 387 428 560 702 765 769 788 797 939 996 139 159 97 192 118 113 141 193 121 168 155 5 184 128 47 163
36 23 77 100 116 128 132 135 153 226 252 253 263 315 327 339 424 470 497 560 589 634 664 683 702 713 736 810 853 861 875 898 900 913 914 948 989 20 104 165 1 87 67 105 84 69 129 161 65 130 196 108 89 90 19 9 5 55 28 193 165 40 106 66 18 123 13 97 163 6 123 44 193
59 7 29 38 61 88 104 105 106 111 164 187 212 240 246 275 341 439 458 465 469 476 479 482 501 504 509 517 518 543 560 568 569 570 587 596 619 630 633 653 667 672 694 722 723 732 736 737 752 787 839 858 880 886 912 918 971 978 981 995 36 188 195 165 34 148 200 184 147 89 41 184 111 164 1 36 189 150 159 174 48 166 137 97 41 185 145 78 83 156 147 147 82 96 197 26 183 90 25 195 125 5 139 30 74 39 139 140 142 138 44 100 50 145 160 112 189 149 65
12 23 269 279 365 470 500 513 715 750 765 855 974 148 121 142 73 88 89 36 191 4 63 8 80
22 11 16 40 63 109 121 158 267 288 443 504 509 522 530 597 723 771 789 866 933 976 978 111 121 189 90 115 147 62 84 105 42 142 89 200 141 167 170 24 164 0 73 59 146
66 8 22 48 52 64 82 85 116 126 138 166 189 203 228 230 246 259 308 317 325 335 346 348 349 352 365 415 443 454 478 479 484 516 533 543 568 574 585 600 626 638 642 652 656 659 660 667 673 727 741 772 779 782 810 822 837 846 865 869 870 902 909 938 949 962 982 81 142 186 118 163 190 99 41 105 102 126 166 100 7 132 163 65 176 161 20 26 159 152 86 58 27 169 22 71 121 117 119 10 153 184 5 50 110 13 10 50 32 74 166 126 52 160 55 110 193 125 146 142 98 128 110 143 94 50 54 76 32 125 159 30 3
54 4 18 93 102 134 139 148 157 176 186 191 194 223 226 271 283 286 293 304 314 315 331 346 384 386 399 406 407 411 423 424 428 436 439 481 483 489 508 569 585 608 611 612 616 656 681 749 862 865 867 940 974 979 987 84 153 23 110 128 82 1 30 126 167 13 15 176 14 59 69 152 174 170 91 21 36 178 109 186 41 171 79 102 63 13 36 2 17 172 16 90 182 95 122 193 139 102 166 37 171 179 68 185 92 156 66 37 48
30 29 101 130 156 158 167 202 211 231 237 260 278 279 309 354 373 535 569 575 586 646 712 754 798 833 853 878 923 987 994 12 118 69 190 135 168 192 29 97 179 161 186 101 131 80 93 0 122 156 136 14 169 49 132 117 175 17 21 59 200
6 412 420 445 485 831 937 30 76 78 199 30 137
48 27 30 31 47 118 154 165 198 240 250 294 295 325 337 347 361 364 380 408 426 467 505 506 539 550 560 575 589 593 598 623 672 682 749 754 775 794 808 817 825 876 887 905 913 951 961 967 971 127 157 130 129 39 75 163 30 92 163 85 157 136 179 46 139 74 103 172 128 62 33 140 142 148 12 70 72 96 154 160 41 167 46 91 79 137 68 21 141 66 79 133 108 165 171 109 134
85 9 11 20 32 37 53 57 62 84 94 120 122 148 184 196 198 204 215 221 238 240 261 290 295 306 311 315 342 346 347 349 373 386 392 402 408 422 437 442 451 457 473 478 509 523 535 543 544 548 568 578 579 584 596 598 629 667 669 679 680 689 693 694 724 744 750 784 809 816 820 846 847 852 877 901 906 917 919 928 935 954 960 972 977 984 135 165 116 105 152 76 28 188 23 31 14 70 178 97 33 8 178 175 67 5 118 199 152 91 182 176 174 71 123 67 192 12 186 106 140 4 171 46 128 39 139 41 76 194 134 80 20 13 57 121 157 31 94 80 117 108 174 63 87 151 113 97 14 198 11 7 174 118 25 112 50 147 1 177 134 8 64 139 164 177 184 28 125 0 198
41 10 17 59 60 85 103 130 157 177 233 269 289 308 312 335 416 466 477 483 486 492 499 533 534 536 559 593 599 607 649 659 668 780 830 853 864 869 871 928 959 985 101 3 120 20 41 88 72 43 148 149 71 165 119 130 175 122 10 175 20 105 174 16 35 158 71 195 28 63 125 102 65 82 186 148 171 110 152 14 116 68 141
99 26 33 34 52 71 75 81 92 101 102 107 119 148 168 173 179 183 190 219 224 226 242 243 245 253 258 260 263 264 273 288 319 324 342 345 351 395 405 425 427 428 452 465 491 503 511 524 525 529 557 565 570 578 593 595 602 609 613 631 635 644 647 651 652 655 657 665 675 683 701 702 720 721 734 741 743 775 783 794 813 836 838 849 851 852 892 902 904 906 910 916 921 930 959 960 963 966 989 996 53 44 135 97 23 10 17 1 24 23 156 87 88 142 7 120 99 2 38 108 134 28 121 99 61 25 13 87 85 63 115 107 83 123 163 156 97 99 33 39 200 195 186 162 19 49 120 199 10 65 15 82 158 85 84 33 173 100 83 0 137 124 15 34 53 12 159 108 57 153 76 114 173 55 198 131 61 39 160 22 103 149 109 172 93 86 146 54 153 21 134 28 113 3 156 33 105 145 195
60 1 4 40 43 72 83 108 125 147 163 194 215 221 239 241 251 259 291 307 313 352 361 398 409 412 426 432 438 457 462 490 496 517 584 607 616 621 623 625 633 658 691 710 730 757 783 799 866 872 881 892 896 908 914 919 933 937 941 954 989 139 186 171 136 28 178 85 19 191 21 180 197 89 140 48 51 14 79 40 195 86 125 128 124 73 148 111 70 60 51 177 119 49 2 93 128 106 13 198 108 63 157 92 176 86 110 174 13 161 114 100 193 172 4 46 99 24 77 163 72
61 27 49 90 94 119 137 183 187 188 200 206 213 214 253 272 323 338 343 353 358 378 384 411 421 422 435 437 453 455 534 559 576 584 585 599 623 637 662 716 723 726 739 742 746 768 771 788 814 843 848 850 873 883 894 909 920 928 956 957 959 977 134 22 50 17 139 61 172 93 86 190 113 151 76 193 171 115 104 166 190 156 12 73 185 120 157 90 49 4 34 87 147 181 60 110 47 120 5 68 112 86 16 77 27 58 108 194 61 110 74 14 108 164 25 78 29 87 133 59 131 100 172
91 17 18 20 21 61 64 79 106 115 139 143 170 176 178 205 231 236 253 260 267 275 279 282 300 303 304 348 370 385 393 396 400 420 430 434 435 461 463 465 478 494 499 500 505 515 516 519 523 524 542 549 553 556 566 568 602 606 626 650 679 682 712 714 716 726 753 758 763 773 780 783 797 810 811 820 824 829 844 862 865 880 894 901 929 931 942 945 948 964 980 999 193 164 107 17 1 46 132 53 7 162 194 24 31 2 105 151 83 114 12 61 89 139 13 29 142 92 70 38 165 133 111 6 46 122 107 152 28 150 183 41 6 84 67 78 121 138 116 182 81 67 146 85 190 136 162 118 103 109 137 13 20 131 189 134 193 179 110 30 28 63 8 199 16 37 21 55 165 2 6 52 7 97 164 75 57 187 139 158 146 32 111
24 106 110 171 232 256 293 295 314 353 367 369 392 404 533 610 631 669 723 730 817 906 917 950 989 123 12 193 91 35 197 30 10 118 163 119 151 144 153 27 137 95 57 181 121 31 163 86 147
95 6 36 48 62 72 102 104 121 122 141 142 163 182 197 201 205 213 227 233 236 237 255 264 269 291 293 295 299 305 315 318 324 327 328 350 354 367 422 425 430 455 465 467 471 478 480 487 507 544 555 563 572 573 574 575 577 579 599 609 619 637 645 646 649 650 654 690 698 699 710 716 730 733 744 748 763 766 771 772 797 813 833 847 849 852 854 916 922 927 937 950 960 974 983 984 134 48 39 85 11 158 57 200 106 88 11 72 38 107 71 43 34 80 80 142 76 124 57 112 178 167 66 17 25 138 148 173 146 57 141 45 131 37 132 177 35 7 14 65 92 109 132 171 110 154 21 108 194 161 77 181 15 34 144 173 115 21 199 78 1 94 171 18 80 1 131 152 92 134 163 28 33 143 153 84 167 40 79 161 2 74 147 91 151 91 91 144 182 37 88
20 15 86 212 260 282 319 377 410 425 430 438 474 536 558 695 726 816 836 921 926 136 85 118 89 198 49 100 140 11 80 99 18 53 177 193 145 174 39 136 185
98 17 21 33 61 80 81 83 97 107 121 123 135 150 154 161 166 181 187 207 208 209 213 214 235 237 245 251 252 262 267 268 296 298 303 305 317 334 344 346 347 388 392 394 395 403 430 449 451 453 475 476 488 494 496 505 523 527 533 542 559 595 626 628 639 660 665 676 689 690 691 694 698 700 709 728 732 756 757 765 787 791 809 812 813 826 827 839 851 856 909 920 928 936 937 974 977 982 992 128 101 32 163 50 173 160 2 1 94 199 148 75 169 31 175 164 155 172 72 193 185 120 31 6 70 58 148 42 36 17 114 117 138 181 117 186 102 192 36 21 110 61 124 147 98 50 44 10 139 124 121 18 107 51 134 150 9 78 73 34 173 146 22 124 96 148 183 136 20 39 116 120 189 155 163 66 51 172 91 62 64 31 48 153 45 70 200 83 146 36 171 60 88 15 162 2 61
