250 26
33 27 57 66 78 83 118 231 239 297 374 378 447 519 526 572 589 646 672 761 771 775 795 799 841 854 861 870 885 887 901 916 924 980 153 55 134 15 144 4 65 212 220 40 117 206 233 139 192 225 8 95 162 154 13 126 68 48 164 235 224 38 13 197 134 150 82
16 67 94 109 156 175 262 302 322 333 337 368 571 587 625 635 773 121 106 194 174 47 116 232 231 28 121 133 238 27 170 186 27
20 49 191 234 244 284 323 342 429 440 507 524 693 725 840 846 862 876 910 927 997 120 188 117 54 20 189 174 20 113 195 202 67 216 54 234 165 106 115 39 33
71 1 9 28 30 45 46 47 82 92 99 106 110 111 122 130 146 148 151 156 168 190 197 201 217 232 246 283 325 336 362 389 434 437 440 448 455 464 468 484 506 509 510 512 523 556 557 564 574 590 594 598 657 664 672 681 707 709 713 729 737 745 762 814 839 854 867 897 909 910 912 918 23 229 233 142 160 66 240 248 235 50 203 64 27 3 12 47 226 162 185 243 80 59 213 102 206 17 243 136 26 207 33 174 243 65 236 223 114 223 13 71 74 113 49 8 51 15 98 28 222 241 145 127 232 136 103 201 71 193 221 63 17 117 91 168 120 71 176 128 77 69 171
7 33 226 494 665 743 803 823 213 220 219 91 180 111 20
6 127 138 164 400 536 801 81 240 249 11 87 165
75 5 25 68 78 80 104 123 136 180 184 203 211 231 236 278 304 306 307 317 319 330 331 339 340 349 350 371 382 389 398 405 407 422 430 441 454 460 463 486 490 496 506 512 516 520 543 577 591 595 614 622 635 648 649 655 680 684 696 716 735 745 760 775 801 840 849 859 861 862 869 878 909 967 983 995 156 88 80 164 113 47 9 239 118 168 170 245 69 175 242 135 125 117 11 223 108 204 22 199 231 31 30 162 67 63 81 105 219 231 176 74 239 140 11 209 184 63 137 198 174 106 127 126 50 119 47 35 11 123 136 28 237 244 168 82 70 186 104 175 75 145 244 139 40 88 61 55 24 89 238
12 68 168 205 231 322 325 347 357 459 522 549 763 235 69 46 18 240 205 192 46 149 78 28 137
71 6 11 50 51 56 84 153 167 169 188 201 202 217 219 232 236 240 253 257 315 321 335 343 344 348 350 351 394 396 401 404 414 422 454 470 471 493 498 502 528 577 600 612 626 639 649 655 674 686 689 692 700 721 730 731 738 743 767 776 787 802 819 820 826 833 838 900 951 974 987 990 111 224 233 181 195 187 89 140 200 41 30 62 218 147 49 97 222 3 120 159 91 2 71 139 175 115 210 202 155 196 248 175 107 201 87 139 118 57 73 37 183 18 175 232 176 14 49 14 9 82 186 16 205 81 144 181 244 10 105 22 231 148 105 154 201 16 161 89 233 16 160
61 27 72 82 105 120 125 130 157 179 191 204 238 250 258 263 264 287 290 303 307 332 341 354 358 368 373 375 377 382 455 471 485 490 493 498 502 516 524 555 565 573 578 599 611 613 618 621 662 741 807 842 847 862 879 905 928 932 946 948 953 987 223 92 94 73 205 37 212 138 125 23 177 47 224 22 45 137 246 56 204 199 119 121 123 141 232 48 183 103 152 101 97 15 45 38 12 30 43 66 142 74 163 169 143 238 32 14 45 50 84 42 223 129 153 97 163 16 121 24 46 63 87
98 4 10 22 37 41 53 63 66 67 79 87 137 156 166 168 171 182 190 209 211 227 243 253 267 268 275 287 288 303 324 332 342 360 403 405 411 440 444 463 467 486 488 505 514 524 534 539 540 542 549 558 565 580 594 601 603 604 605 619 623 624 666 667 691 706 708 709 714 720 721 730 775 796 804 822 829 844 852 875 885 889 892 896 898 899 902 909 910 912 942 950 958 975 979 981 982 991 999 207 22 88 143 2 117 132 19 175 18 117 170 249 93 125 121 154 75 186 141 21 55 104 27 72 87 55 38 75 19 48 157 19 153 198 49 213 198 206 120 198 46 215 95 153 238 140 184 193 171 131 177 210 84 219 15 39 34 20 51 101 217 220 227 63 173 230 97 153 247 225 35 63 119 202 132 68 100 2 68 123 218 19 127 102 184 88 107 13 63 230 49 178 28 132 40 207 25
70 13 18 21 27 64 71 72 79 87 91 121 132 136 141 222 224 269 281 305 309 311 345 348 368 374 386 407 411 425 438 453 458 522 545 546 559 583 585 599 623 627 644 670 683 686 688 694 700 715 717 745 749 756 765 776 830 853 873 877 887 894 898 902 905 921 931 932 949 985 998 238 186 79 172 204 206 203 79 17 12 188 167 214 52 205 108 168 149 45 229 158 139 238 201 174 69 195 166 78 116 182 241 74 109 86 61 1 202 161 8 116 191 68 45 134 137 163 66 240 3 125 237 168 119 137 198 196 133 223 87 150 242 78 176 248 238 86 250 244 207
22 37 83 247 295 368 422 456 486 497 507 512 538 572 577 587 601 613 696 718 742 747 782 94 225 187 173 27 89 176 217 6 35 149 89 135 234 189 120 184 242 211 10 240 66
26 19 35 77 83 156 169 170 178 239 241 293 346 404 499 510 610 656 657 668 681 722 764 835 874 878 887 117 209 167 134 221 150 175 196 232 64 176 11 207 62 189 44 177 100 168 103 50 95 247 167 151 98
17 184 195 235 334 366 410 527 552 558 577 647 732 744 801 812 962 978 177 37 212 183 185 49 56 239 70 110 232 183 174 130 164 88 215
53 41 48 51 85 129 152 157 179 193 196 229 253 267 318 359 369 408 422 476 480 499 516 538 559 570 582 595 604 653 669 673 705 710 713 726 732 734 759 785 791 801 803 841 862 885 897 921 930 932 949 950 956 990 100 134 69 184 244 52 20 145 138 203 95 11 43 93 133 16 139 25 212 218 56 134 80 2 7 198 83 110 53 186 104 150 210 144 73 159 71 113 89 218 191 131 196 228 198 17 6 33 167 188 115 5 40
93 12 18 35 45 48 50 51 61 86 88 104 112 121 135 142 144 149 158 169 181 222 229 231 233 247 258 277 289 296 323 350 361 366 379 383 413 431 433 442 473 481 482 488 491 493 511 518 522 536 548 554 556 558 568 573 580 610 619 621 625 656 674 686 705 706 709 726 750 751 772 775 778 780 815 834 859 870 872 873 896 909 922 927 932 955 960 966 967 974 978 984 993 994 7 225 185 59 28 189 206 193 15 61 136 43 211 239 162 246 56 247 191 151 219 221 2 135 237 173 9 221 113 206 157 14 186 173 72 115 96 49 165 82 113 92 36 12 164 33 124 121 200 204 247 181 170 211 18 164 63 150 212 79 184 186 59 201 67 84 146 201 232 68 219 242 120 17 106 66 153 149 214 185 76 153 211 217 63 193 175 23 195 0 230 30 145
96 9 25 57 59 63 64 74 77 79 80 81 89 100 101 106 132 138 146 170 176 214 258 271 317 324 325 346 351 359 364 380 384 414 415 446 447 451 457 476 494 505 570 574 576 591 592 601 629 643 654 669 672 676 683 685 686 702 708 709 713 729 730 743 744 746 748 753 765 773 784 796 798 799 801 804 828 837 846 848 853 855 874 888 894 899 910 928 938 953 963 964 974 978 980 993 996 21 181 117 175 195 151 184 118 79 124 231 158 48 32 224 202 53 108 59 33 45 99 225 111 33 161 149 137 42 175 152 220 162 124 220 5 80 157 71 98 115 232 27 168 129 123 139 229 128 250 87 32 176 120 124 193 0 195 81 32 142 54 181 60 115 230 86 174 93 69 9 249 78 82 4 181 3 136 150 187 108 83 182 169 68 120 79 142 236 129 83 95 64 80 207 243
70 26 89 137 142 168 170 186 194 196 237 319 345 351 373 380 396 403 404 407 408 413 436 444 445 460 492 495 503 514 523 552 555 580 611 615 619 621 626 628 641 642 649 651 656 669 685 692 694 700 737 755 766 774 791 792 799 805 809 821 841 847 852 874 879 897 934 969 971 981 997 46 133 102 39 221 173 4 15 144 51 231 225 109 26 198 102 13 109 235 134 49 215 153 90 214 249 6 139 246 17 167 72 138 24 220 94 86 195 58 97 142 228 112 156 90 184 227 15 11 15 223 240 235 65 8 148 98 58 20 186 16 120 91 133 90 192 181 170 204 122
7 226 622 657 820 865 895 952 204 8 188 171 114 169 4
23 49 78 88 89 100 284 357 423 460 474 482 516 560 571 711 773 784 843 890 921 922 927 983 106 184 240 88 124 49 222 35 17 190 112 106 199 7 8 156 98 48 39 178 156 141 17
47 4 10 34 45 52 81 90 101 140 141 173 208 209 217 231 246 249 309 316 349 354 378 386 407 451 468 506 527 540 543 545 583 597 616 690 695 708 710 729 739 747 755 832 891 898 945 988 146 209 248 107 43 176 75 156 135 1 136 101 107 142 51 204 52 213 11 140 250 191 29 200 52 12 113 51 247 226 18 102 161 224 240 57 178 223 35 7 172 141 244 59 160 103 138
53 12 20 38 67 98 102 109 134 137 152 154 189 220 224 244 245 254 290 294 335 358 367 377 382 401 405 406 418 427 441 481 487 493 535 548 576 614 621 635 637 670 675 689 780 797 832 837 855 909 936 952 976 981 60 235 73 160 160 237 61 141 225 140 21 98 121 220 109 82 138 11 76 21 145 246 174 169 7 87 133 84 103 75 113 94 81 115 5 6 22 108 152 59 105 93 175 222 22 234 240 160 150 154 30 176 191
75 26 31 37 47 55 64 68 73 76 85 101 110 114 138 152 163 176 189 227 241 242 246 256 272 274 286 312 314 318 333 347 359 372 387 408 426 435 447 453 455 471 482 490 506 562 591 599 606 639 650 662 674 707 723 727 742 750 753 772 777 780 785 807 817 831 832 835 849 854 863 921 922 963 973 982 41 19 74 73 234 218 175 222 210 49 0 117 191 29 197 64 146 93 83 114 200 228 243 45 177 211 160 198 40 208 223 96 55 177 240 219 108 124 94 0 133 92 159 60 122 146 81 194 171 41 112 63 33 243 188 114 139 248 91 60 230 243 140 207 31 240 41 213 133 195 243 63 228 61 247
26 7 49 73 94 187 285 308 322 323 325 365 393 552 566 607 611 617 619 679 705 708 710 748 945 993 996 153 184 111 192 219 31 211 200 81 68 174 166 139 58 16 203 29 175 181 110 42 128 85 97 59 220
60 30 36 40 75 94 103 148 173 199 223 236 267 275 290 299 300 358 361 383 402 404 409 415 448 471 481 483 505 524 534 537 547 553 566 574 579 660 672 676 682 714 717 720 721 739 766 788 804 817 821 845 924 955 956 957 960 967 990 997 998 169 2 225 69 39 57 37 163 171 21 100 83 190 141 247 236 70 83 236 182 33 53 144 32 113 205 225 244 177 36 152 210 186 149 117 164 56 71 55 25 80 120 191 150 234 193 149 104 27 151 184 82 96 77 114 168 29 234 129 156
42 2 7 63 74 80 151 220 242 247 278 306 310 328 392 407 409 416 435 468 473 493 534 545 559 560 564 637 651 738 759 766 767 804 818 850 882 897 898 920 930 948 992 249 122 58 209 238 125 82 238 201 116 114 6 63 122 2 76 121 217 234 19 222 168 96 187 71 178 101 74 107 83 246 126 64 57 53 224 39 249 102 140 48 249
