1 0
1 30
1 2
2 0 0
2 30 0
2 0 30
2 2 2
3 0 0 0
3 30 0 0
3 0 30 0
3 0 0 30
3 2 2 2
4 0 0 0 0
4 30 0 0 0
4 0 30 0 0
4 0 0 30 0
4 0 0 0 30
4 2 2 2 2
5 0 0 0 0 0
5 30 0 0 0 0
5 0 30 0 0 0
5 0 0 30 0 0
5 0 0 0 30 0
5 0 0 0 0 30
5 2 2 2 2 2
6 0 0 0 0 0 0
6 30 0 0 0 0 0
6 0 30 0 0 0 0
6 0 0 30 0 0 0
6 0 0 0 30 0 0
6 0 0 0 0 30 0
6 0 0 0 0 0 30
6 2 2 2 2 2 2
7 0 0 0 0 0 0 0
7 30 0 0 0 0 0 0
7 0 30 0 0 0 0 0
7 0 0 30 0 0 0 0
7 0 0 0 30 0 0 0
7 0 0 0 0 30 0 0
7 0 0 0 0 0 30 0
7 0 0 0 0 0 0 30
7 2 2 2 2 2 2 2
8 0 0 0 0 0 0 0 0
8 30 0 0 0 0 0 0 0
8 0 30 0 0 0 0 0 0
8 0 0 30 0 0 0 0 0
8 0 0 0 30 0 0 0 0
8 0 0 0 0 30 0 0 0
8 0 0 0 0 0 30 0 0
8 0 0 0 0 0 0 30 0
8 0 0 0 0 0 0 0 30
8 2 2 2 2 2 2 2 2
9 0 0 0 0 0 0 0 0 0
9 30 0 0 0 0 0 0 0 0
9 0 30 0 0 0 0 0 0 0
9 0 0 30 0 0 0 0 0 0
9 0 0 0 30 0 0 0 0 0
9 0 0 0 0 30 0 0 0 0
9 0 0 0 0 0 30 0 0 0
9 0 0 0 0 0 0 30 0 0
9 0 0 0 0 0 0 0 30 0
9 0 0 0 0 0 0 0 0 30
9 2 2 2 2 2 2 2 2 2
10 0 0 0 0 0 0 0 0 0 0
10 30 0 0 0 0 0 0 0 0 0
10 0 30 0 0 0 0 0 0 0 0
10 0 0 30 0 0 0 0 0 0 0
10 0 0 0 30 0 0 0 0 0 0
10 0 0 0 0 30 0 0 0 0 0
10 0 0 0 0 0 30 0 0 0 0
10 0 0 0 0 0 0 30 0 0 0
10 0 0 0 0 0 0 0 30 0 0
10 0 0 0 0 0 0 0 0 30 0
10 0 0 0 0 0 0 0 0 0 30
10 2 2 2 2 2 2 2 2 2 2
11 0 0 0 0 0 0 0 0 0 0 0
11 30 0 0 0 0 0 0 0 0 0 0
11 0 30 0 0 0 0 0 0 0 0 0
11 0 0 30 0 0 0 0 0 0 0 0
11 0 0 0 30 0 0 0 0 0 0 0
11 0 0 0 0 30 0 0 0 0 0 0
11 0 0 0 0 0 30 0 0 0 0 0
11 0 0 0 0 0 0 30 0 0 0 0
11 0 0 0 0 0 0 0 30 0 0 0
11 0 0 0 0 0 0 0 0 30 0 0
11 0 0 0 0 0 0 0 0 0 30 0
11 0 0 0 0 0 0 0 0 0 0 30
11 2 2 2 2 2 2 2 2 2 2 2
12 0 0 0 0 0 0 0 0 0 0 0 0
12 30 0 0 0 0 0 0 0 0 0 0 0
12 0 30 0 0 0 0 0 0 0 0 0 0
12 0 0 30 0 0 0 0 0 0 0 0 0
12 0 0 0 30 0 0 0 0 0 0 0 0
12 0 0 0 0 30 0 0 0 0 0 0 0
12 0 0 0 0 0 30 0 0 0 0 0 0
12 0 0 0 0 0 0 30 0 0 0 0 0
12 0 0 0 0 0 0 0 30 0 0 0 0
12 0 0 0 0 0 0 0 0 30 0 0 0
12 0 0 0 0 0 0 0 0 0 30 0 0
12 0 0 0 0 0 0 0 0 0 0 30 0
12 0 0 0 0 0 0 0 0 0 0 0 30
12 2 2 2 2 2 2 2 2 2 2 2 2
13 0 0 0 0 0 0 0 0 0 0 0 0 0
13 30 0 0 0 0 0 0 0 0 0 0 0 0
13 0 30 0 0 0 0 0 0 0 0 0 0 0
13 0 0 30 0 0 0 0 0 0 0 0 0 0
13 0 0 0 30 0 0 0 0 0 0 0 0 0
13 0 0 0 0 30 0 0 0 0 0 0 0 0
13 0 0 0 0 0 30 0 0 0 0 0 0 0
13 0 0 0 0 0 0 30 0 0 0 0 0 0
13 0 0 0 0 0 0 0 30 0 0 0 0 0
13 0 0 0 0 0 0 0 0 30 0 0 0 0
13 0 0 0 0 0 0 0 0 0 30 0 0 0
13 0 0 0 0 0 0 0 0 0 0 30 0 0
13 0 0 0 0 0 0 0 0 0 0 0 30 0
13 0 0 0 0 0 0 0 0 0 0 0 0 30
13 2 2 2 2 2 2 2 2 2 2 2 2 2
14 0 0 0 0 0 0 0 0 0 0 0 0 0 0
14 30 0 0 0 0 0 0 0 0 0 0 0 0 0
14 0 30 0 0 0 0 0 0 0 0 0 0 0 0
14 0 0 30 0 0 0 0 0 0 0 0 0 0 0
14 0 0 0 30 0 0 0 0 0 0 0 0 0 0
14 0 0 0 0 30 0 0 0 0 0 0 0 0 0
14 0 0 0 0 0 30 0 0 0 0 0 0 0 0
14 0 0 0 0 0 0 30 0 0 0 0 0 0 0
14 0 0 0 0 0 0 0 30 0 0 0 0 0 0
14 0 0 0 0 0 0 0 0 30 0 0 0 0 0
14 0 0 0 0 0 0 0 0 0 30 0 0 0 0
14 0 0 0 0 0 0 0 0 0 0 30 0 0 0
14 0 0 0 0 0 0 0 0 0 0 0 30 0 0
14 0 0 0 0 0 0 0 0 0 0 0 0 30 0
14 0 0 0 0 0 0 0 0 0 0 0 0 0 30
14 2 2 2 2 2 2 2 2 2 2 2 2 2 2
15 0 0 0 0 0 0 0 0 0 0 0 0 0 0 0
15 30 0 0 0 0 0 0 0 0 0 0 0 0 0 0
15 0 30 0 0 0 0 0 0 0 0 0 0 0 0 0
15 0 0 30 0 0 0 0 0 0 0 0 0 0 0 0
15 0 0 0 30 0 0 0 0 0 0 0 0 0 0 0
15 0 0 0 0 30 0 0 0 0 0 0 0 0 0 0
15 0 0 0 0 0 30 0 0 0 0 0 0 0 0 0
15 0 0 0 0 0 0 30 0 0 0 0 0 0 0 0
15 0 0 0 0 0 0 0 30 0 0 0 0 0 0 0
15 0 0 0 0 0 0 0 0 30 0 0 0 0 0 0
15 0 0 0 0 0 0 0 0 0 30 0 0 0 0 0
15 0 0 0 0 0 0 0 0 0 0 30 0 0 0 0
15 0 0 0 0 0 0 0 0 0 0 0 30 0 0 0
15 0 0 0 0 0 0 0 0 0 0 0 0 30 0 0
15 0 0 0 0 0 0 0 0 0 0 0 0 0 30 0
15 0 0 0 0 0 0 0 0 0 0 0 0 0 0 30
15 2 2 2 2 2 2 2 2 2 2 2 2 2 2 2
0
