89
174 1108
30 657
25 657
0 654
-12 652
-35 646
-58 638
-72 632
-95 622
-116 611
-136 600
-151 590
-176 571
-200 550
-211 540
-231 519
-250 499
-254 494
-267 477
-278 462
-288 448
-298 433
-303 424
-314 404
-317 398
-323 383
-326 369
-330 346
-332 321
-333 307
-333 299
-332 292
-329 279
-325 262
-320 242
-312 224
-300 200
-292 186
-279 167
-261 144
-242 122
-229 108
-206 86
-196 77
-176 63
-156 50
-139 39
-118 28
-103 21
-80 12
-69 9
-44 4
-20 0
-19 0
-2 3
22 11
44 19
58 29
78 44
99 64
117 82
131 97
147 115
167 139
184 161
196 177
203 189
215 212
289 379
294 393
296 400
295 420
294 428
289 445
283 464
269 487
259 503
245 523
230 542
210 567
201 577
186 593
173 606
166 610
141 623
119 632
96 640
81 645
56 652
52 653
