94
80 2000
242 554
233 564
211 581
200 589
186 592
171 594
146 597
-108 619
-133 621
-158 622
-166 622
-178 621
-203 611
-212 607
-216 605
-224 600
-237 591
-260 571
-284 549
-300 529
-311 511
-323 491
-332 473
-335 466
-340 453
-342 447
-344 439
-347 425
-351 401
-352 388
-353 368
-354 343
-354 321
-353 301
-349 285
-342 264
-332 250
-315 227
-295 204
-275 182
-251 157
-232 138
-223 130
-198 108
-180 93
-155 73
-137 59
-126 52
-105 40
-94 34
-73 23
-65 19
-54 15
-35 9
-25 6
-8 3
13 0
15 0
32 2
51 5
63 8
76 12
88 16
99 20
118 27
136 34
154 47
162 53
184 75
200 92
222 116
230 125
238 136
256 161
268 182
280 207
290 228
301 252
309 270
318 292
325 314
330 332
333 343
334 353
333 369
330 391
325 410
319 432
317 437
305 462
299 474
288 493
275 512
258 536
