96
210 2000
22 651
7 644
-16 633
-36 620
-42 616
-66 598
-86 581
-109 561
-124 547
-135 535
-147 520
-164 496
-178 474
-190 455
-202 434
-214 409
-221 391
-223 385
-227 370
-230 358
-234 338
-238 315
-240 293
-241 271
-241 249
-240 245
-232 224
-228 215
-221 202
-209 181
-195 158
-188 147
-171 122
-162 109
-153 97
-138 81
-114 60
-92 44
-72 30
-55 19
-31 7
-18 2
-7 1
11 0
19 0
41 2
60 5
81 9
102 14
125 21
144 29
341 138
366 156
382 169
393 180
405 198
417 220
428 242
432 255
439 278
441 285
445 309
446 317
448 334
447 357
446 367
442 387
436 408
428 431
424 441
422 445
416 456
402 480
389 502
372 525
360 540
340 564
325 581
314 592
301 604
277 624
273 627
254 640
242 648
223 656
208 662
187 670
168 673
160 674
151 674
128 673
103 671
93 670
74 666
50 660
40 657
