67
50 2000
-286 127
-271 116
-247 99
-222 86
-198 74
-72 17
-47 8
-27 4
-19 3
6 1
19 0
20 0
40 1
55 6
70 14
92 30
107 41
126 56
132 61
157 84
175 103
185 114
190 123
201 148
203 169
202 179
198 199
190 221
187 229
182 241
169 264
153 288
138 310
126 324
106 344
93 356
68 379
50 393
42 399
17 417
-5 429
-29 437
-44 439
-49 439
-57 438
-79 433
-104 424
-118 418
-138 409
-155 400
-167 391
-176 384
-193 369
-217 347
-236 328
-248 311
-258 294
-269 271
-274 260
-282 242
-288 228
-294 213
-301 190
-305 166
-305 165
-303 150
-299 138
