66
775 2000
-90 477
-114 460
-139 442
-162 420
-176 405
-182 398
-192 385
-204 363
-207 354
-210 338
-214 313
-215 293
-216 271
-215 260
-214 252
-211 236
-206 215
-198 194
-190 175
-177 150
-170 140
-158 123
-142 102
-124 79
-116 69
-94 44
-92 42
-76 32
-63 24
-43 15
-30 10
-10 3
9 0
13 0
36 4
48 7
62 16
66 19
88 38
97 50
101 56
105 63
113 78
122 95
127 105
137 130
218 389
218 403
211 428
203 448
199 456
187 477
170 501
157 517
142 533
117 535
104 536
86 537
61 538
56 538
37 536
25 532
3 523
-21 513
-42 504
-66 493
