72
945 171
-34 2
-18 0
-12 0
11 4
28 7
52 14
61 19
82 33
107 53
129 74
151 96
162 115
170 132
179 154
187 175
189 189
191 210
190 233
189 245
187 266
185 273
180 288
169 312
160 328
153 340
137 360
115 385
99 403
83 420
75 428
57 443
47 450
45 451
31 457
7 466
-15 472
-19 472
-42 470
-56 468
-69 466
-75 465
-90 462
-107 457
-119 453
-133 448
-152 440
-174 428
-192 415
-212 398
-219 390
-232 375
-237 369
-245 356
-256 336
-266 317
-277 292
-284 271
-283 258
-280 240
-275 220
-267 203
-257 182
-249 166
-239 150
-231 138
-213 116
-191 95
-171 77
-146 55
-132 44
-112 29
-43 5
