65
672 1095
115 56
128 67
141 79
160 100
167 108
177 126
188 148
190 163
186 185
183 198
177 219
172 235
167 250
158 269
155 275
150 282
136 299
116 323
109 329
103 333
87 342
68 352
47 362
35 367
10 370
-9 372
-30 374
-37 374
-58 371
-69 369
-88 365
-99 359
-123 345
-142 330
-156 318
-180 297
-195 283
-199 279
-208 269
-217 256
-230 237
-241 220
-254 197
-260 174
-259 159
-258 148
-251 126
-236 102
-219 80
-203 67
-178 51
-158 41
-143 34
-136 31
-117 24
-12 2
8 0
10 0
30 4
34 5
36 6
53 15
78 29
87 35
98 43
