77
738 2000
96 423
76 431
53 438
29 444
16 445
7 445
-8 442
-16 439
-29 434
-51 424
-64 417
-85 405
-105 392
-117 384
-140 366
-156 353
-170 341
-181 331
-198 311
-212 289
-220 276
-230 257
-234 249
-242 227
-248 202
-245 184
-240 162
-234 146
-229 136
-219 118
-207 100
-203 95
-181 75
-161 60
-143 47
-140 45
-115 29
-111 27
-103 24
-34 2
-10 0
-6 0
14 1
27 2
49 6
57 8
78 15
93 21
117 32
119 33
124 36
129 40
154 65
163 75
175 90
182 99
198 121
211 142
214 147
222 167
230 190
234 206
236 215
239 237
240 250
239 272
238 275
234 285
223 309
214 326
203 341
185 365
173 377
159 387
149 394
130 406
108 418
