87
40 1962
317 564
300 588
279 610
262 627
243 643
224 656
205 667
185 677
172 683
151 692
127 702
117 706
106 708
98 709
95 709
70 702
54 696
44 692
31 685
22 680
15 676
-4 665
-11 660
-26 649
-49 632
-73 613
-98 592
-113 579
-130 555
-141 534
-252 305
-262 282
-263 265
-262 248
-260 223
-256 205
-252 191
-245 170
-233 145
-218 122
-199 97
-183 77
-158 55
-145 45
-121 30
-112 26
-89 18
-73 13
-53 7
-32 2
-17 0
-11 0
2 1
25 7
45 14
63 23
82 35
98 46
111 55
135 72
158 90
175 104
182 110
204 132
224 154
241 176
247 184
258 200
264 209
273 223
289 248
303 270
314 288
322 302
333 325
337 334
347 359
354 381
361 406
364 421
364 430
363 436
359 458
353 483
348 500
339 524
329 544
