90
781 2000
205 473
189 493
175 510
160 528
143 546
133 555
125 562
118 567
94 583
80 592
55 605
34 613
16 619
-6 626
-21 628
-30 628
-54 627
-69 625
-87 617
-109 607
-126 597
-134 591
-139 587
-162 568
-180 551
-183 548
-206 523
-228 499
-241 484
-247 477
-264 454
-282 429
-299 404
-308 390
-321 368
-326 359
-339 335
-349 312
-351 304
-352 289
-353 269
-353 263
-350 243
-346 226
-344 219
-342 213
-336 204
-312 179
-290 157
-273 141
-255 126
-250 122
-241 115
-217 101
-81 28
-63 19
-50 13
-25 3
-11 1
0 0
2 0
14 2
18 3
36 10
43 13
67 28
90 48
112 68
128 85
149 109
156 118
173 140
190 164
200 180
213 201
223 221
231 239
235 249
238 259
244 280
245 285
247 297
249 312
250 335
249 349
247 373
243 398
239 417
236 431
220 454
