87
305 2000
309 648
290 665
276 676
251 687
234 688
231 688
221 687
201 684
176 680
155 674
144 670
125 663
107 654
94 647
71 632
56 622
47 615
24 597
4 581
-9 570
-33 549
-51 533
-70 516
-94 494
-106 482
-127 458
-141 441
-151 424
-159 409
-161 404
-169 380
-174 364
-179 343
-184 321
-188 300
-190 282
-190 271
-188 248
-185 226
-182 208
-180 198
-173 176
-172 173
-164 152
-154 128
-151 122
-140 108
-124 89
-110 74
-85 49
-71 36
-49 17
-46 15
-27 7
-7 2
7 0
14 0
27 2
38 5
53 10
65 15
77 22
99 37
114 48
121 54
138 70
342 273
358 292
370 310
382 329
397 353
411 376
412 378
418 402
422 425
423 433
424 444
425 456
417 478
407 503
401 517
390 538
381 553
367 575
358 588
344 606
328 626
