81
352 1840
84 610
63 618
42 622
35 623
28 623
7 622
-17 620
-25 616
-37 609
-59 594
-75 582
-98 563
-226 428
-241 412
-254 397
-258 392
-269 371
-281 346
-290 324
-292 318
-293 308
-292 284
-288 260
-284 239
-283 236
-280 229
-271 212
-257 187
-246 168
-233 148
-216 123
-196 103
-171 80
-153 65
-144 58
-123 42
-107 30
-95 22
-71 7
-51 4
-28 1
-7 0
-4 0
21 1
46 5
68 9
91 16
111 27
122 34
135 44
150 56
161 66
183 89
204 111
214 123
229 142
241 158
251 179
258 194
266 213
272 228
277 242
282 258
289 283
293 298
296 320
298 343
299 355
296 375
286 395
277 411
264 433
248 458
231 481
218 497
196 521
182 536
161 558
148 569
132 582
109 596
